1699543551592768381 1699543551603262562
1699543551603338174 1699543551612820313
1699543551612872090 1699543551621612555
1699543551621661637 1699543551629659177
1699543551629692820 1699543551644021155
1699543551644047955 1699543551650339167
1699543551650377930 1699543551656361344
1699543551656388585 1699543551664053038
1699543551664092021 1699543551670949017
1699543551670976448 1699543551677474390
1699543551677542979 1699543551684578189
1699543551684606562 1699543551690328134
1699543551690356036 1699543551698025268
1699543551698074160 1699543551705182618
1699543551705209749 1699543551711064060
1699543551711091040 1699543551718298515
1699543551718327018 1699543551724539453
1699543551724566544 1699543551730678459
1699543551730705981 1699543551736788952
1699543551736834958 1699543551742733212
1699543551742773157 1699543551748647556
1699543551748685738 1699543551754874327
1699543551754911848 1699543551760420149
1699543551760447250 1699543551766412129
1699543551766439280 1699543551772547789
1699543551772583526 1699543551778114189
1699543551778152611 1699543551783943974
1699543551783985502 1699543551790487071
1699543551790618728 1699543551796911082
1699543551796959062 1699543551802676025
1699543551802719767 1699543551809382999
1699543551809420840 1699543551815718414
1699543551815744954 1699543551821171832
1699543551821218109 1699543551826500636
1699543551826544098 1699543551832667204
1699543551832715024 1699543551839455571
1699543551839495957 1699543551845254859
1699543551845324149 1699543551850760825
1699543551850805860 1699543551857490762
1699543551857517833 1699543551864116944
1699543551864149355 1699543551870844737
1699543551870872088 1699543551877163180
1699543551877199498 1699543551883717466
1699543551883770566 1699543551890141538
1699543551890180531 1699543551896575299
1699543551896611147 1699543551902029759
1699543551902071688 1699543551909220672
1699543551909262610 1699543551915115539
1699543551915172045 1699543551920663354
1699543551920707287 1699543551926155556
1699543551926195761 1699543551930887708
1699543551930942822 1699543551937084412
1699543551937147711 1699543551942931801
1699543551942981264 1699543551948792725
1699543551948842559 1699543551954696078
1699543551954737887 1699543551960111885
1699543551960168231 1699543551966726064
1699543551966768975 1699543551973149996
1699543551973235176 1699543551979477868
1699543551979519977 1699543551985351886
1699543551985412510 1699543551991098515
1699543551991143519 1699543551997362526
1699543551997414604 1699543552003716837
1699543552003760008 1699543552011590012
1699543552011630207 1699543552017549841
1699543552017588524 1699543552023511143
1699543552023579401 1699543552029981312
1699543552030030735 1699543552036301319
1699543552036368094 1699543552043078895
1699543552043124931 1699543552049465035
1699543552049512785 1699543552055136813
1699543552055183030 1699543552061292431
1699543552061392459 1699543552067793518
1699543552067832001 1699543552073918288
1699543552073962901 1699543552080048808
1699543552080094263 1699543552085925051
1699543552085970967 1699543552091923352
1699543552091970180 1699543552098235964
1699543552098311597 1699543552104596167
1699543552104650008 1699543552112058730
1699543552112105838 1699543552118281945
1699543552118324595 1699543552124369635
1699543552124415311 1699543552130393354
1699543552130439601 1699543552135948604
1699543552135987346 1699543552143072331
1699543552143102798 1699543552149708220
1699543552149751271 1699543552156083360
1699543552156157860 1699543552162495120
1699543552162528172 1699543552168207915
1699543552168249623 1699543552175142155
1699543552175187060 1699543552181267415
1699543552181306890 1699543552187707818
1699543552187769855 1699543552194290398
1699543552194340983 1699543552200669465
1699543552200716554 1699543552207139595
1699543552207172286 1699543552214731801
1699543552214776055 1699543552220926392
1699543552220973080 1699543552227046312
1699543552227105524 1699543552232888792
1699543552232951359 1699543552239146401
1699543552239192908 1699543552244851351
1699543552244911133 1699543552251290331
1699543552251342880 1699543552258297228
1699543552258329930 1699543552265141059
1699543552265168651 1699543552271132338
1699543552271167073 1699543552276562622
1699543552276620351 1699543552282568268
1699543552282596381 1699543552289048395
1699543552289080476 1699543552295057448
1699543552295095619 1699543552301556069
1699543552301583030 1699543552307796165
1699543552307843134 1699543552315397019
1699543552315446092 1699543552321913745
1699543552322002732 1699543552327658991
1699543552327701882 1699543552333992663
1699543552334035554 1699543552339724936
1699543552339775360 1699543552345726904
1699543552345773512 1699543552351787883
1699543552351834431 1699543552357793931
1699543552357847982 1699543552364045117
1699543552364092116 1699543552370055251
1699543552370136644 1699543552375768979
1699543552375814173 1699543552381326082
1699543552381367219 1699543552387560016
1699543552387600833 1699543552393569469
1699543552393624232 1699543552399599500
1699543552399617243 1699543552405223849
1699543552405264827 1699543552411997809
1699543552412015442 1699543552419584006
1699543552419628068 1699543552425872633
1699543552425942544 1699543552431861396
1699543552431905800 1699543552438012255
1699543552438063491 1699543552443594535
1699543552443648005 1699543552448614639
1699543552448661577 1699543552454562786
1699543552454609304 1699543552460436434
1699543552460476258 1699543552466710083
1699543552466752572 1699543552472501426
1699543552472542744 1699543552478618240
1699543552478659788 1699543552484770201
1699543552484802372 1699543552490770677
1699543552490804931 1699543552497214336
1699543552497249642 1699543552503599845
1699543552503625524 1699543552510695520
1699543552510743530 1699543552516848112
1699543552516895631 1699543552523626058
1699543552523671464 1699543552529313536
1699543552529361696 1699543552535528515
1699543552535566967 1699543552541179445
1699543552541200434 1699543552547141328
1699543552547176824 1699543552552587532
1699543552552631785 1699543552558929790
1699543552558968873 1699543552565595136
1699543552565626344 1699543552572088477
1699543552572166825 1699543552578229708
1699543552578284652 1699543552583930291
1699543552583969955 1699543552590382836
1699543552590402513 1699543552596532903
1699543552596559914 1699543552602620623
1699543552602693129 1699543552609032912
1699543552609075102 1699543552614958438
1699543552614990278 1699543552621555004
1699543552621629765 1699543552629127865
1699543552629172559 1699543552634835441
1699543552634882449 1699543552640796873
1699543552640863669 1699543552647132599
1699543552647177914 1699543552653349852
1699543552653395238 1699543552659770758
1699543552659805774 1699543552665643404
1699543552665705070 1699543552672403047
1699543552672450576 1699543552678577931
1699543552678635008 1699543552685403327
1699543552685454082 1699543552691921055
1699543552691943797 1699543552698051294
1699543552698117809 1699543552704895445
1699543552704950649 1699543552712037227
1699543552712078935 1699543552718122352
1699543552718165332 1699543552724252261
1699543552724286926 1699543552732365597
1699543552732415911 1699543552738676647
1699543552738725388 1699543552745001211
1699543552745039283 1699543552751134987
1699543552751166186 1699543552757564721
1699543552757612320 1699543552763595383
1699543552763657640 1699543552770031007
1699543552770068207 1699543552776675603
1699543552776750363 1699543552783288320
1699543552783367949 1699543552789312781
1699543552789350041 1699543552794955544
1699543552794998004 1699543552801552531
1699543552801589390 1699543552807661662
1699543552807705564 1699543552814453745
1699543552814504701 1699543552821721532
1699543552821825678 1699543552828400854
1699543552828450327 1699543552835348460
1699543552835392082 1699543552841808239
1699543552841874864 1699543552847999914
1699543552848026975 1699543552853997385
1699543552854075922 1699543552859946534
1699543552859985267 1699543552865780077
1699543552865864185 1699543552871873206
1699543552871924613 1699543552877315694
1699543552877362672 1699543552884086688
1699543552884122665 1699543552890642407
1699543552890703602 1699543552896835495
1699543552896888164 1699543552902395614
1699543552902445177 1699543552907529661
1699543552907578082 1699543552913654411
1699543552913682804 1699543552919156620
1699543552919177139 1699543552925496465
1699543552925532152 1699543552932451234
1699543552932488694 1699543552940389190
1699543552940423104 1699543552947308442
1699543552947348448 1699543552953558778
1699543552953573676 1699543552959836124
1699543552959871701 1699543552966065170
1699543552966102630 1699543552972498689
1699543552972520200 1699543552979289961
1699543552979329255 1699543552985512204
1699543552985573620 1699543552991713448
1699543552991731322 1699543552997392310
1699543552997426063 1699543553003432630
1699543553003460513 1699543553009187334
1699543553009233050 1699543553014826170
1699543553014840327 1699543553021207321
1699543553021241135 1699543553027602870
1699543553027630843 1699543553033134475
1699543553033166174 1699543553041536715
1699543553041547645 1699543553047786650
1699543553047833929 1699543553054392724
1699543553054442167 1699543553060041488
1699543553060052349 1699543553066317251
1699543553066340495 1699543553072309802
1699543553072337785 1699543553077537957
1699543553077577611 1699543553083607763
1699543553083623713 1699543553089489316
1699543553089510976 1699543553095214515
1699543553095235414 1699543553101019143
1699543553101038068 1699543553107197723
1699543553107236917 1699543553113213898
1699543553113241700 1699543553119699886
1699543553119736185 1699543553125633026
1699543553125679774 1699543553132633141
1699543553132672084 1699543553140687746
1699543553140707513 1699543553146615305
1699543553146661311 1699543553151890419
1699543553151921537 1699543553157455376
1699543553157501573 1699543553163989044
1699543553164009602 1699543553170183294
1699543553170248417 1699543553175713827
1699543553175748933 1699543553180609136
1699543553180644152 1699543553186658283
1699543553186673121 1699543553192759319
1699543553192807229 1699543553199830466
1699543553199872075 1699543553205704975
1699543553205776740 1699543553211221692
1699543553211250907 1699543553217154772
1699543553217199336 1699543553223283549
1699543553223352378 1699543553228971197
1699543553229016071 1699543553234179584
1699543553234208027 1699543553241033253
1699543553241108064 1699543553246829826
1699543553246861125 1699543553252826586
1699543553252853767 1699543553258790443
1699543553258830578 1699543553264341985
1699543553264378213 1699543553270596087
1699543553270655148 1699543553277844218
1699543553277888211 1699543553283973846
1699543553284002640 1699543553290271300
1699543553290299473 1699543553296485859
1699543553296513040 1699543553302179919
1699543553302246985 1699543553308307003
1699543553308346608 1699543553314707711
1699543553314748798 1699543553320831729
1699543553320894407 1699543553327438394
1699543553327488088 1699543553334052854
1699543553334095855 1699543553341492194
1699543553341572424 1699543553348267275
1699543553348327578 1699543553354581961
1699543553354608982 1699543553360576827
1699543553360608427 1699543553367002853
1699543553367033110 1699543553373527153
1699543553373561668 1699543553379646572
1699543553379687800 1699543553385402579
1699543553385444688 1699543553391954401
1699543553392003493 1699543553398417857
1699543553398460497 1699543553404663163
1699543553404697508 1699543553410760962
1699543553410803903 1699543553416815359
1699543553416887956 1699543553422909702
1699543553422933937 1699543553428655048
1699543553428709340 1699543553435189408
1699543553435240144 1699543553442958638
1699543553442993784 1699543553449384423
1699543553449446389 1699543553455798957
1699543553455830616 1699543553461828517
1699543553461870876 1699543553468018359
1699543553468110963 1699543553473601290
1699543553473655452 1699543553479030342
1699543553479134929 1699543553485014257
1699543553485075873 1699543553490928000
1699543553490975690 1699543553496680640
1699543553496709755 1699543553503164104
1699543553503230959 1699543553509278674
1699543553509295957 1699543553515154947
1699543553515207445 1699543553520201109
1699543553520242697 1699543553525174896
1699543553525207428 1699543553530911937
1699543553530953205 1699543553536030546
1699543553536073146 1699543553544083329
1699543553544142991 1699543553550415578
1699543553550451155 1699543553555947363
1699543553555985815 1699543553562254656
1699543553562288690 1699543553568167237
1699543553568209637 1699543553573575219
1699543553573615154 1699543553579954156
1699543553579981437 1699543553585889740
1699543553585942178 1699543553591703676
1699543553591731077 1699543553597899448
1699543553597956977 1699543553603854889
1699543553603899143 1699543553610497513
1699543553610524363 1699543553616829942
1699543553617772654 1699543553623766197
1699543553623852228 1699543553629936762
1699543553629985534 1699543553635891853
1699543553635936727 1699543553643553240
1699543553643618012 1699543553649866914
1699543553649895027 1699543553657062426
1699543553657089868 1699543553663667729
1699543553663696012 1699543553670301294
1699543553670328987 1699543553675759692
1699543553675787694 1699543553681892947
1699543553681920789 1699543553687296051
1699543553687319745 1699543553692527351
1699543553692559561 1699543553698549708
1699543553698586878 1699543553704555174
1699543553704591372 1699543553710589844
1699543553710622825 1699543553717395012
1699543553717446308 1699543553723085836
1699543553723117937 1699543553728997585
1699543553729025358 1699543553735491108
1699543553735526414 1699543553742893538
1699543553742926490 1699543553748803244
1699543553748847127 1699543553756734238
1699543553756786436 1699543553762961099
1699543553763005512 1699543553768459421
1699543553768515346 1699543553774347796
1699543553774380277 1699543553780222315
1699543553780273021 1699543553785981778
1699543553786009430 1699543553791360156
1699543553791410531 1699543553797370881
1699543553797398523 1699543553803513714
1699543553803548309 1699543553810280780
1699543553810334091 1699543553816986542
1699543553817031797 1699543553823098357
1699543553823135747 1699543553827545845
1699543553827589497 1699543553834117655
1699543553834160225 1699543553840845798
1699543553840886465 1699543553848577778
1699543553848619346 1699543553853845536
1699543553853885722 1699543553860100741
1699543553860128693 1699543553865812846
1699543553865843573 1699543553872352394
1699543553872379956 1699543553878839264
1699543553878879059 1699543553884546830
1699543553884594019 1699543553891485911
1699543553891516378 1699543553898113184
1699543553898144283 1699543553903045473
1699543553903089425 1699543553909704957
1699543553909735354 1699543553916230639
1699543553916260976 1699543553922378392
1699543553922411734 1699543553928834394
1699543553928870402 1699543553934971367
1699543553935011272 1699543553941353359
1699543553941389447 1699543553949303368
1699543553949340468 1699543553955759652
1699543553955792333 1699543553961475242
1699543553961505960 1699543553967778637
1699543553967810657 1699543553974038771
1699543553974067384 1699543553980126441
1699543553980164663 1699543553986322194
1699543553986348033 1699543553991944469
1699543553991990295 1699543553997625985
1699543553997660099 1699543554004288876
1699543554004335483 1699543554010713580
1699543554010743636 1699543554017397019
1699543554017439429 1699543554023825138
1699543554023857910 1699543554029629055
1699543554029660975 1699543554036126094
1699543554036187540 1699543554042571576
1699543554042636989 1699543554050720320
1699543554050764814 1699543554056902347
1699543554056929708 1699543554063664424
1699543554063708156 1699543554070707519
1699543554070739569 1699543554076533617
1699543554076565467 1699543554083450645
1699543554083486382 1699543554090229334
1699543554090271302 1699543554096356618
1699543554096397304 1699543554101848027
1699543554101882412 1699543554108264755
