1699543558902209176 1699543558912553585
1699543558912625600 1699543558919725743
1699543558919784433 1699543558926777054
1699543558926806259 1699543558932076983
1699543558932092071 1699543558937818172
1699543558937845724 1699543558944588364
1699543558944626115 1699543558950771563
1699543558950824583 1699543558957113261
1699543558957146984 1699543558963656256
1699543558963711450 1699543558969558928
1699543558969591269 1699543558975468374
1699543558975495164 1699543558981111248
1699543558981146644 1699543558987091966
1699543558987147911 1699543558992772060
1699543558992860837 1699543558998435372
1699543558998476038 1699543559003855528
1699543559003941990 1699543559010956241
1699543559011006876 1699543559016448753
1699543559016487155 1699543559021838882
1699543559021928159 1699543559027149771
1699543559027234671 1699543559034011757
1699543559034093340 1699543559039385855
1699543559039508095 1699543559044733515
1699543559044813415 1699543559050146908
1699543559050304023 1699543559055812524
1699543559055875513 1699543559061351643
1699543559061508809 1699543559066724820
1699543559066811012 1699543559072129567
1699543559072235476 1699543559077961346
1699543559078071553 1699543559083609449
1699543559083696152 1699543559088847292
1699543559088899721 1699543559094655337
1699543559094735167 1699543559100791417
1699543559100886696 1699543559106137233
1699543559106170044 1699543559112312017
1699543559112395564 1699543559118261677
1699543559118317231 1699543559123584690
1699543559123654020 1699543559128819607
1699543559128916900 1699543559134100882
1699543559134259269 1699543559139585198
1699543559139618781 1699543559144990866
1699543559145073732 1699543559150471836
1699543559150591591 1699543559155966240
1699543559156066409 1699543559161088095
1699543559161228509 1699543559166334163
1699543559166430825 1699543559171683696
1699543559171739421 1699543559177026196
1699543559177056403 1699543559182560436
1699543559182620318 1699543559187841711
1699543559187934315 1699543559193133846
1699543559193232120 1699543559198370616
1699543559198405191 1699543559203929632
1699543559204004052 1699543559208999730
1699543559209139953 1699543559214935173
1699543559215066570 1699543559220703975
1699543559220788664 1699543559225850065
1699543559225935906 1699543559231377331
1699543559231465176 1699543559236571061
1699543559236696727 1699543559242672157
1699543559242761194 1699543559247724471
1699543559247804972 1699543559252930424
1699543559252971601 1699543559258234621
1699543559258322696 1699543559263463076
1699543559263606275 1699543559268746585
1699543559268853806 1699543559273898887
1699543559273982364 1699543559279042543
1699543559279134966 1699543559284471765
1699543559284606629 1699543559289995064
1699543559290102647 1699543559295025578
1699543559295137909 1699543559300266427
1699543559300308666 1699543559305518226
1699543559305552550 1699543559310840006
1699543559310866957 1699543559317219103
1699543559317340391 1699543559322847870
1699543559322942538 1699543559327985275
1699543559328033936 1699543559333258705
1699543559333402886 1699543559339197595
1699543559339347647 1699543559344459763
1699543559344497925 1699543559349636321
1699543559349805739 1699543559354827085
1699543559354960847 1699543559360023190
1699543559360115273 1699543559365171595
1699543559365276582 1699543559370842031
1699543559370962848 1699543559376370880
1699543559376502027 1699543559381566123
1699543559381686238 1699543559386910806
1699543559386993281 1699543559391144613
1699543559391273775 1699543559396256498
1699543559396353250 1699543559401760151
1699543559401845802 1699543559407596649
1699543559407705373 1699543559413093709
1699543559413198997 1699543559419666951
1699543559419779382 1699543559424859108
1699543559424951581 1699543559429904279
1699543559430010799 1699543559435010414
1699543559435087469 1699543559440314611
1699543559440354516 1699543559445480088
1699543559445584194 1699543559450830242
1699543559450904783 1699543559456022820
1699543559456126044 1699543559461460147
1699543559461601874 1699543559467513994
1699543559467544932 1699543559472820967
1699543559472844351 1699543559477906293
1699543559477924637 1699543559483041704
1699543559483071389 1699543559488239341
1699543559488278765 1699543559493706354
1699543559493720030 1699543559499117874
1699543559499148501 1699543559504463168
1699543559504492634 1699543559509642832
1699543559509669201 1699543559515015307
1699543559515049081 1699543559521684550
1699543559521705399 1699543559526927052
1699543559526952149 1699543559532002900
1699543559532013220 1699543559537375787
1699543559537406003 1699543559542615784
1699543559542631914 1699543559547798814
1699543559547824181 1699543559552713379
1699543559552732084 1699543559557734524
1699543559557753841 1699543559562900282
1699543559562927463 1699543559568084324
1699543559568127164 1699543559572208714
1699543559572243008 1699543559577537828
1699543559577572323 1699543559582642010
1699543559582657078 1699543559587507373
1699543559587531829 1699543559592344513
1699543559592403343 1699543559597860037
1699543559597883060 1699543559603104232
1699543559603168142 1699543559608237469
1699543559608271993 1699543559613386154
1699543559613421550 1699543559618290289
1699543559618325525 1699543559624915179
1699543559624974520 1699543559630509872
1699543559630566168 1699543559635593455
1699543559635626036 1699543559641424944
1699543559641455731 1699543559646599849
1699543559646633462 1699543559651619341
1699543559651646873 1699543559656727991
1699543559656746576 1699543559661691478
1699543559661722506 1699543559666731098
1699543559666748721 1699543559671785918
1699543559671809392 1699543559676952396
1699543559677003482 1699543559682092345
1699543559682125778 1699543559687079576
1699543559687145570 1699543559692093498
1699543559692155054 1699543559697378670
1699543559697427201 1699543559702641491
1699543559702670415 1699543559708616278
1699543559708659479 1699543559713522738
1699543559713555750 1699543559718792220
1699543559718833768 1699543559725658774
1699543559725705061 1699543559730920221
1699543559730951740 1699543559735956395
1699543559736006249 1699543559741026302
1699543559741065256 1699543559746064470
1699543559746109264 1699543559751484805
1699543559751516775 1699543559756437512
1699543559756481074 1699543559761689933
1699543559761722694 1699543559766794986
1699543559766838708 1699543559771872557
1699543559771909286 1699543559776940682
1699543559776975417 1699543559781990201
1699543559782022191 1699543559787270012
1699543559787329715 1699543559792264728
1699543559792293973 1699543559797402994
1699543559797436346 1699543559802681173
1699543559803657668 1699543559809062574
1699543559809097320 1699543559814148892
1699543559814190961 1699543559819330750
1699543559819374262 1699543559824779590
1699543559824808875 1699543559829851200
1699543559829880956 1699543559834759754
1699543559834792285 1699543559840025028
1699543559840065494 1699543559845393867
1699543559845424605 1699543559851175262
1699543559851263558 1699543559856459632
1699543559856488947 1699543559861893132
1699543559861922637 1699543559867092623
1699543559867132969 1699543559872317191
1699543559872346346 1699543559877600289
1699543559877738729 1699543559882769202
1699543559882816040 1699543559887858025
1699543559887893251 1699543559892765737
1699543559892794081 1699543559898216660
1699543559898245955 1699543559903343956
1699543559903376096 1699543559908327240
1699543559908373016 1699543559913400383
1699543559913431071 1699543559918647433
1699543559918675897 1699543559925377962
1699543559925405824 1699543559930566702
1699543559930602289 1699543559935977600
1699543559936011373 1699543559941482325
1699543559941510608 1699543559946676897
1699543559946703617 1699543559951999479
1699543559952027481 1699543559957182298
1699543559957219498 1699543559962596301
1699543559962624975 1699543559968400578
1699543559968431056 1699543559973578239
1699543559973614066 1699543559979005888
1699543559979037137 1699543559984275250
1699543559984303794 1699543559989665068
1699543559989711756 1699543559995035089
1699543559995054225 1699543560000241594
1699543560000281368 1699543560005473235
1699543560005508932 1699543560010674358
1699543560010729843 1699543560015826631
1699543560015857218 1699543560020908120
1699543560020924741 1699543560026112589
1699543560026141143 1699543560031247218
1699543560031276012 1699543560036445708
1699543560036506813 1699543560041535753
1699543560041586628 1699543560046884744
1699543560046904612 1699543560052192979
1699543560052217856 1699543560057328861
1699543560057354679 1699543560062723449
1699543560062752924 1699543560067832149
1699543560067875650 1699543560072943985
1699543560072994349 1699543560078092449
1699543560078141351 1699543560083048021
1699543560083094178 1699543560087985610
1699543560088005748 1699543560092926264
1699543560092945821 1699543560098035676
1699543560098074870 1699543560103061220
1699543560103113548 1699543560108169409
1699543560108235122 1699543560113240989
1699543560113345616 1699543560118399643
1699543560118444948 1699543560123221604
1699543560123248164 1699543560129197144
1699543560129213435 1699543560134396545
1699543560134413747 1699543560139676446
1699543560139721491 1699543560144871448
1699543560144911023 1699543560150417711
1699543560150455512 1699543560156551809
1699543560156589690 1699543560162222515
1699543560162260175 1699543560167578419
1699543560167616050 1699543560172823585
1699543560172910709 1699543560178469846
1699543560178520962 1699543560183704894
1699543560183739228 1699543560188807833
1699543560188827840 1699543560193785306
1699543560193815162 1699543560199026566
1699543560199049529 1699543560204360339
1699543560204381338 1699543560209625573
1699543560209722605 1699543560214731308
1699543560214777344 1699543560220371807
1699543560220423314 1699543560225583571
1699543560225622444 1699543560232613532
1699543560232641574 1699543560238032404
1699543560238067540 1699543560243041768
1699543560243067206 1699543560248211653
1699543560248260505 1699543560253941110
1699543560253982608 1699543560259122346
1699543560259188731 1699543560264454927
1699543560264482699 1699543560269532779
1699543560269570770 1699543560274875339
1699543560274910064 1699543560280298630
1699543560280345729 1699543560285484315
1699543560285544498 1699543560290743928
1699543560290777482 1699543560296354061
1699543560296398415 1699543560300363105
1699543560300395476 1699543560305559340
1699543560305589447 1699543560310587709
1699543560310616984 1699543560315598154
1699543560315627079 1699543560320515795
1699543560320546593 1699543560325603676
1699543560325643291 1699543560332117557
1699543560332141793 1699543560337251805
1699543560337281160 1699543560342447860
1699543560342477465 1699543560347378355
1699543560347407059 1699543560352399831
1699543560352432302 1699543560357470851
1699543560357509774 1699543560362670391
1699543560362699806 1699543560367848141
1699543560367876915 1699543560373087978
1699543560373113075 1699543560378147436
1699543560378179876 1699543560383289148
1699543560383326458 1699543560388225925
1699543560388253266 1699543560393241761
1699543560393282477 1699543560398278235
1699543560398312399 1699543560403441327
1699543560403475000 1699543560408412729
1699543560408461711 1699543560413869593
1699543560413899279 1699543560419033348
1699543560419080947 1699543560424453403
1699543560424490783 1699543560429643636
1699543560429673001 1699543560434841804
1699543560434900945 1699543560440057405
1699543560440088724 1699543560445339100
1699543560445370890 1699543560450578776
1699543560450606118 1699543560455663221
1699543560455690873 1699543560461203713
1699543560461232807 1699543560466168222
1699543560466192808 1699543560471495283
1699543560471552771 1699543560476601869
1699543560476632076 1699543560481653722
1699543560481700450 1699543560486818678
1699543560486870074 1699543560492249814
1699543560492290060 1699543560497315493
1699543560497351932 1699543560502526866
1699543560502571420 1699543560507661765
1699543560507696130 1699543560513142886
1699543560513214100 1699543560518792382
1699543560518829031 1699543560524715853
1699543560524743265 1699543560531263838
1699543560531294035 1699543560536208009
1699543560536236763 1699543560542058834
1699543560542085865 1699543560547536117
1699543560547564971 1699543560552498492
1699543560552530472 1699543560557871519
1699543560557896245 1699543560562962195
1699543560562982433 1699543560568565595
1699543560568601923 1699543560573655199
1699543560573683743 1699543560578805097
1699543560578822429 1699543560583846911
1699543560583874623 1699543560589200221
1699543560589234235 1699543560594305645
1699543560594325353 1699543560599183111
1699543560599212466 1699543560604062219
1699543560604093679 1699543560609687410
1699543560609703039 1699543560614733422
1699543560614768057 1699543560619819951
1699543560619852552 1699543560624969928
1699543560624999734 1699543560631486725
1699543560631526730 1699543560636463908
1699543560636497471 1699543560641415613
1699543560641445980 1699543560646756619
1699543560646795072 1699543560651812290
1699543560651847607 1699543560656843565
1699543560656895332 1699543560661967644
1699543560661998922 1699543560666971887
1699543560667018826 1699543560672080809
1699543560672115945 1699543560677498719
1699543560677531671 1699543560682813677
1699543560682843062 1699543560687943657
1699543560687962032 1699543560692872019
1699543560692887357 1699543560697825858
1699543560697859160 1699543560703020078
1699543560703053030 1699543560708562273
1699543560708591117 1699543560714103767
1699543560714130647 1699543560719744297
1699543560719780886 1699543560725358056
1699543560725386209 1699543560732353892
1699543560732382115 1699543560738131850
1699543560738177966 1699543560743477906
1699543560743515517 1699543560748479886
1699543560748511926 1699543560753626317
1699543560753681931 1699543560759764231
1699543560759797264 1699543560764829710
1699543560764846872 1699543560770082220
1699543560770122095 1699543560775333709
1699543560775369516 1699543560781017189
1699543560781046153 1699543560786648201
1699543560786702202 1699543560790945566
1699543560790980041 1699543560796017126
1699543560796052473 1699543560801204885
1699543560801232116 1699543560806551583
1699543560806582621 1699543560811940269
1699543560811968943 1699543560817549389
1699543560817589655 1699543560823061928
1699543560823099529 1699543560828558227
1699543560828618471 1699543560835090773
1699543560835124987 1699543560840665318
1699543560840950935 1699543560846035810
1699543560846078370 1699543560851232646
1699543560851265147 1699543560856465329
1699543560856493813 1699543560862021781
1699543560862061796 1699543560867169444
1699543560867187278 1699543560872246365
1699543560872293984 1699543560877068346
1699543560877098002 1699543560882028537
1699543560882091696 1699543560887209403
1699543560887238758 1699543560892239064
1699543560892266847 1699543560897262825
1699543560897307970 1699543560902280284
1699543560902309349 1699543560907450710
1699543560907479123 1699543560913533079
1699543560913563757 1699543560918721470
1699543560918775672 1699543560923927473
1699543560923956447 1699543560929184962
1699543560929207244 1699543560934994951
1699543560935024406 1699543560940504995
1699543560940543667 1699543560945761462
1699543560945799243 1699543560951480420
1699543560951509174 1699543560957018797
1699543560957068891 1699543560962701756
1699543560962737834 1699543560967847226
1699543560967864167 1699543560973071884
1699543560973113202 1699543560978472453
1699543560978503801 1699543560983813750
1699543560983841101 1699543560989116815
1699543560989151169 1699543560994607913
1699543560994637469 1699543561000056783
1699543561000086619 1699543561005320514
1699543561005362974 1699543561010977054
1699543561011006640 1699543561016218854
1699543561016260282 1699543561021364404
1699543561021393719 1699543561026854491
1699543561026887744 1699543561032139843
1699543561032173446 1699543561038886712
1699543561038916898 1699543561043965786
1699543561044014377 1699543561049174795
1699543558902137311 1699543558912736799
1699543558912874498 1699543558920035325
1699543558920065151 1699543558926223233
1699543558926303534 1699543558931986563
1699543558932013674 1699543558938110712
1699543558938138033 1699543558944169217
1699543558944195937 1699543558951107424
1699543558951134315 1699543558957419797
1699543558957447339 1699543558963250243
1699543558963280009 1699543558969430036
1699543558969464130 1699543558975775571
1699543558975837477 1699543558981639160
1699543558981678694 1699543558987132603
1699543558987150005 1699543558993873349
1699543558993889399 1699543558999222121
1699543558999280580 1699543559004311835
1699543559004340038 1699543559010938488
1699543559010981959 1699543559016603854
1699543559016642066 1699543559021892382
1699543559021921537 1699543559027683585
1699543559027711918 1699543559033055259
1699543559033088041 1699543559038728961
1699543559038761362 1699543559044273220
1699543559044304839 1699543559049972430
1699543559050000924 1699543559055642154
1699543559055673974 1699543559061717390
1699543559061761223 1699543559067084847
1699543559067099544 1699543559072289517
1699543559072319714 1699543559077849225
1699543559077876276 1699543559083179561
1699543559083205340 1699543559088472167
1699543559088499449 1699543559094209589
1699543559094246268 1699543559099899040
1699543559099925851 1699543559105476732
1699543559105504243 1699543559112733158
1699543559112764838 1699543559118135530
1699543559118175896 1699543559123376358
1699543559123401546 1699543559128653996
1699543559128693861 1699543559134023005
1699543559134055396 1699543559139954452
1699543559139997182 1699543559145189329
1699543559145206511 1699543559150578686
1699543559150601880 1699543559155807592
1699543559155841436 1699543559161029766
1699543559161104967 1699543559166581538
1699543559166590445 1699543559171908709
1699543559171930701 1699543559177394107
1699543559177420928 1699543559182754651
1699543559182808813 1699543559188063498
1699543559188081592 1699543559193372624
1699543559193403071 1699543559197820482
1699543559197868723 1699543559203265224
1699543559203282586 1699543559208485393
1699543559208515219 1699543559214730298
1699543559214764533 1699543559220238851
1699543559220271292 1699543559226177891
1699543559226208919 1699543559231557640
1699543559231578469 1699543559236845667
1699543559236860395 1699543559241980617
1699543559242000304 1699543559247151604
1699543559247178244 1699543559252611755
1699543559252673421 1699543559258007103
1699543559258025879 1699543559263027558
1699543559263047355 1699543559268229764
1699543559268264269 1699543559273626405
1699543559273656461 1699543559278932285
1699543559278971389 1699543559284488347
1699543559284530516 1699543559289632844
1699543559289670064 1699543559294866218
1699543559294881296 1699543559299850255
1699543559299881574 1699543559304874336
1699543559304906646 1699543559310421800
1699543559310483466 1699543559317158970
1699543559317206339 1699543559323585336
1699543559323627255 1699543559328439158
1699543559328474724 1699543559333775506
1699543559333800463 1699543559338994834
1699543559339031954 1699543559344100127
1699543559344191930 1699543559349511036
1699543559349530462 1699543559354855258
1699543559354889002 1699543559359868249
1699543559359887194 1699543559365055848
1699543559365084872 1699543559370712087
1699543559370739318 1699543559376081637
1699543559376111112 1699543559381321062
1699543559381355647 1699543559386584974
1699543559386649435 1699543559391730473
1699543559391770599 1699543559396737893
1699543559396762740 1699543559401828429
1699543559401914511 1699543559407534973
1699543559407602059 1699543559413144514
1699543559413202634 1699543559419853672
1699543559419873479 1699543559424984694
1699543559425060095 1699543559430063358
1699543559430111909 1699543559435154875
1699543559435191074 1699543559440410231
1699543559440450958 1699543559445815578
1699543559445855133 1699543559450843367
1699543559450933697 1699543559456143176
1699543559456183562 1699543559461515832
1699543559461599139 1699543559467469841
1699543559467521739 1699543559473170393
1699543559473210549 1699543559478389831
1699543559478416962 1699543559482484246
1699543559482515565 1699543559487636899
1699543559487688415 1699543559493584595
1699543559493628307 1699543559499274689
1699543559499294576 1699543559504608682
1699543559504662774 1699543559509749362
1699543559509797332 1699543559515109595
1699543559515152275 1699543559521808954
1699543559521853617 1699543559526861258
1699543559526904790 1699543559531971772
1699543559531997760 1699543559537058991
1699543559537086132 1699543559542226232
1699543559542235179 1699543559547907668
1699543559547939278 1699543559551958320
1699543559551993807 1699543559556930874
1699543559556958045 1699543559562397347
1699543559562424358 1699543559567417320
1699543559567436196 1699543559572688385
1699543559572715166 1699543559577676419
1699543559577723257 1699543559581830284
1699543559581885899 1699543559586927493
1699543559586993047 1699543559591921277
1699543559591961022 1699543559597733409
1699543559597768124 1699543559602819878
1699543559602857598 1699543559607784587
1699543559607864488 1699543559612893428
1699543559612925257 1699543559617959207
1699543559617993952 1699543559624731995
1699543559624787890 1699543559629878085
1699543559629910897 1699543559634835821
1699543559634863183 1699543559640015224
1699543559640059528 1699543559645258308
1699543559645286040 1699543559650289251
1699543559650328465 1699543559655451312
1699543559655498761 1699543559660506080
1699543559660540745 1699543559665639667
1699543559665671978 1699543559671217269
1699543559671254719 1699543559676453288
1699543559676481832 1699543559681674630
1699543559681746725 1699543559686655970
1699543559686688031 1699543559691576817
1699543559691622874 1699543559696606008
1699543559696642908 1699543559701612226
1699543559701654035 1699543559706521772
1699543559706557980 1699543559711543719
1699543559711580428 1699543559716779728
1699543559716829231 1699543559722040665
1699543559722082083 1699543559727352096
1699543559727397000 1699543559732323227
1699543559732348675 1699543559737468637
1699543559737495387 1699543559742494101
1699543559742525259 1699543559747423594
1699543559747455975 1699543559752613747
1699543559752680522 1699543559757527180
1699543559757558849 1699543559762519862
1699543559762560439 1699543559767652067
1699543559767680169 1699543559772622146
1699543559772652283 1699543559777597697
1699543559777649384 1699543559782532991
1699543559782564079 1699543559787691254
1699543559787723424 1699543559792971316
1699543559792988869 1699543559798276836
1699543559798309166 1699543559803542451
1699543559803687674 1699543559808891994
1699543559808934363 1699543559814314954
1699543559814355320 1699543559818347111
1699543559818382768 1699543559825323292
1699543559825371773 1699543559829328017
1699543559829361640 1699543559834439452
1699543559834483375 1699543559840386638
1699543559840417706 1699543559845467856
1699543559845497922 1699543559851199427
1699543559851227319 1699543559856793279
1699543559856842962 1699543559861369618
1699543559861420664 1699543559866906013
1699543559866934947 1699543559871999113
1699543559872039489 1699543559877095270
1699543559877127220 1699543559882033870
1699543559882062333 1699543559886899464
1699543559886922447 1699543559891826963
1699543559891854675 1699543559896830706
1699543559896858358 1699543559902112281
1699543559902140845 1699543559907251900
1699543559907280884 1699543559912247437
1699543559912275860 1699543559917306113
1699543559917334356 1699543559922428940
1699543559922457243 1699543559928141505
1699543559928170269 1699543559933242480
1699543559933274661 1699543559938443895
1699543559938473260 1699543559944030724
1699543559944059959 1699543559949296860
1699543559949329792 1699543559954557425
1699543559954585899 1699543559960084181
1699543559960112504 1699543559965531978
1699543559965561073 1699543559971322730
1699543559971352957 1699543559976538552
1699543559976566655 1699543559981883355
1699543559981937337 1699543559987549803
1699543559987578658 1699543559993081578
1699543559993109881 1699543559998166494
1699543559998194096 1699543560003496931
1699543560003522659 1699543560008682345
1699543560008716369 1699543560013772491
1699543560013818187 1699543560019217262
1699543560019265623 1699543560025840588
1699543560025870735 1699543560031134877
1699543560031162379 1699543560036381798
1699543560036410802 1699543560041567192
1699543560041595024 1699543560046929969
1699543560046961559 1699543560052089655
1699543560052119481 1699543560057210248
1699543560057249031 1699543560063121046
1699543560063149509 1699543560068452444
1699543560068471340 1699543560073388119
1699543560073415661 1699543560078384348
1699543560078393355 1699543560083550886
1699543560083599938 1699543560088526095
1699543560088548127 1699543560092664002
1699543560092704708 1699543560098062096
1699543560098091962 1699543560103285661
1699543560103327280 1699543560108403228
1699543560108420561 1699543560113461143
1699543560113476272 1699543560118609127
1699543560118682555 1699543560122687090
1699543560122698030 1699543560129268208
1699543560129320085 1699543560134475253
1699543560134493677 1699543560139605283
1699543560139621583 1699543560144639633
1699543560144667545 1699543560150170216
1699543560150185544 1699543560156535638
1699543560156564192 1699543560162137365
1699543560162171909 1699543560167328059
1699543560167359287 1699543560172721213
1699543560172750498 1699543560178022595
1699543560178076346 1699543560183092052
1699543560183146174 1699543560188323583
1699543560188355883 1699543560193364125
1699543560193391907 1699543560198816321
1699543560198831620 1699543560204254079
1699543560204282082 1699543560209420738
1699543560209455904 1699543560214759851
1699543560214791551 1699543560220286557
1699543560220323847 1699543560225609109
1699543560225638264 1699543560232385874
1699543560232430728 1699543560237625430
1699543560237684561 1699543560242773874
1699543560242801667 1699543560248142914
1699543560248180845 1699543560253970455
1699543560254001283 1699543560259178111
1699543560259230669 1699543560264629946
1699543560264663359 1699543560269894699
1699543560269921930 1699543560274953015
1699543560275015873 1699543560280187291
1699543560280247955 1699543560285604761
1699543560285674883 1699543560290769917
1699543560290800264 1699543560296213828
1699543560296244014 1699543560301317158
1699543560301351602 1699543560306538901
1699543560306571222 1699543560311505634
1699543560311534859 1699543560316953702
1699543560316980512 1699543560321918551
1699543560321953767 1699543560327208853
1699543560327255240 1699543560332692908
1699543560332725860 1699543560337676042
1699543560337705087 1699543560342754776
1699543560342779102 1699543560347930573
1699543560347963635 1699543560352887147
1699543560352919939 1699543560357029451
1699543560357064517 1699543560362238810
1699543560362267975 1699543560367307385
1699543560367339786 1699543560372566168
1699543560372593489 1699543560377772802
1699543560377824248 1699543560382768840
1699543560382803665 1699543560387840050
1699543560387867501 1699543560392759815
1699543560392798528 1699543560398233220
1699543560398266814 1699543560403583715
1699543560403641032 1699543560408773758
1699543560408809144 1699543560414288541
1699543560414313768 1699543560419342318
1699543560419373527 1699543560425218490
1699543560425256782 1699543560431600022
1699543560431627554 1699543560437126568
1699543560437161744 1699543560442194571
1699543560442233344 1699543560447268526
1699543560447302871 1699543560452336049
1699543560452365224 1699543560457288776
1699543560457320626 1699543560462414628
1699543560462443603 1699543560467402000
1699543560467441044 1699543560472256443
1699543560472284596 1699543560477172050
1699543560477220201 1699543560482337186
1699543560482378043 1699543560487312245
1699543560487341210 1699543560493153623
1699543560493228023 1699543560498089929
1699543560498126548 1699543560503008982
1699543560503055299 1699543560508019979
1699543560508086444 1699543560513934964
1699543560513968287 1699543560519384304
1699543560519407398 1699543560525028651
1699543560525056032 1699543560529299237
1699543560529326287 1699543560534590810
1699543560534631747 1699543560540127124
1699543560540157661 1699543560545397538
1699543560545429438 1699543560550434373
1699543560550461544 1699543560556342876
1699543560556379335 1699543560561254426
1699543560561284292 1699543560566593509
1699543560566613697 1699543560571804552
1699543560571840419 1699543560576825577
1699543560576854040 1699543560581822797
1699543560581859266 1699543560587082010
1699543560587115393 1699543560592709997
1699543560592739833 1699543560597718539
1699543560597750389 1699543560602735256
1699543560602771434 1699543560607656514
1699543560607689826 1699543560612614540
1699543560612651189 1699543560617727739
1699543560617760942 1699543560622161872
1699543560622195365 1699543560627228192
1699543560627260803 1699543560632303360
1699543560632320442 1699543560637575016
1699543560637590525 1699543560642476767
1699543560642510250 1699543560647526697
1699543560647542797 1699543560652528156
1699543560652567650 1699543560657953360
1699543560657993536 1699543560662892882
1699543560662912770 1699543560667805604
1699543560667827135 1699543560672768781
1699543560672786975 1699543560678051328
1699543560678065815 1699543560683601638
1699543560683635782 1699543560688587547
1699543560688606533 1699543560693617620
1699543560693637217 1699543560698581538
1699543560698606545 1699543560703508977
1699543560703533353 1699543560709019683
1699543560709049238 1699543560714318811
1699543560714346022 1699543560719823556
1699543560719880433 1699543560725328610
1699543560725342206 1699543560732349774
1699543560732378127 1699543560737988841
1699543560738016152 1699543560743905941
1699543560743938502 1699543560748971590
1699543560749005954 1699543560754053539
1699543560754081632 1699543560759383736
1699543560759413032 1699543560764537140
1699543560764572337 1699543560769991330
1699543560770018611 1699543560775393852
1699543560775424599 1699543560780735369
1699543560780764975 1699543560786102976
1699543560786129827 1699543560791621356
1699543560791650641 1699543560796781823
1699543560796818743 1699543560802090639
1699543560802108343 1699543560807554588
1699543560807571610 1699543560813119305
1699543560813134333 1699543560817977344
1699543560817992262 1699543560822326927
1699543560822341865 1699543560827876917
1699543560827922172 1699543560834735866
1699543560834775160 1699543560840196327
1699543560840233547 1699543560845305167
1699543560845349981 1699543560850501673
1699543560850557327 1699543560856973194
1699543560856990536 1699543560862300444
1699543560862331032 1699543560867339364
1699543560867369310 1699543560872534596
1699543560872587636 1699543560877872908
1699543560877902463 1699543560882796220
1699543560882824683 1699543560887815352
1699543560887843324 1699543560892666838
1699543560892694350 1699543560897657897
1699543560897688735 1699543560902572493
1699543560902601077 1699543560907507266
1699543560907540248 1699543560913558437
1699543560913588734 1699543560918865871
1699543560918917448 1699543560924198071
1699543560924236253 1699543560928333302
1699543560928363188 1699543560934778033
1699543560934804282 1699543560940046143
1699543560940080928 1699543560945810525
1699543560945853956 1699543560951475310
1699543560951506158 1699543560957173398
1699543560957240784 1699543560962458820
1699543560962512270 1699543560967929210
1699543560967961921 1699543560973111479
1699543560973153097 1699543560978391060
1699543560978420395 1699543560983881327
1699543560983930559 1699543560989229717
1699543560989326028 1699543560994881878
1699543560994940388 1699543561000121465
1699543561000169335 1699543561005436643
1699543561005478291 1699543561011137806
1699543561011185306 1699543561016624807
1699543561016678658 1699543561021747975
1699543561021805383 1699543561026770754
1699543561026800129 1699543561032053822
1699543561032092043 1699543561038861234
