1699543565835951725 1699543565845850977
1699543565845936708 1699543565851602365
1699543565851641408 1699543565857738206
1699543565857767150 1699543565863899143
1699543565863936283 1699543565870417041
1699543565870451616 1699543565875515362
1699543565875548635 1699543565881709442
1699543565881743756 1699543565887980846
1699543565888012165 1699543565893692821
1699543565893729940 1699543565899250605
1699543565899279108 1699543565904659699
1699543565904694364 1699543565910557112
1699543565910577811 1699543565915848625
1699543565915880886 1699543565921651820
1699543565921686055 1699543565927584419
1699543565927612281 1699543565932716683
1699543565932739807 1699543565938036209
1699543565938053241 1699543565944477203
1699543565944521527 1699543565949723272
1699543565949756034 1699543565955561363
1699543565955595527 1699543565960932025
1699543565960965989 1699543565966344877
1699543565966373090 1699543565972310998
1699543565972324724 1699543565977671211
1699543565977694605 1699543565983175655
1699543565983205952 1699543565988335772
1699543565988372440 1699543565993674363
1699543565993706293 1699543565999398881
1699543565999429007 1699543566005460763
1699543566005493825 1699543566010024298
1699543566010077017 1699543566015333565
1699543566015362489 1699543566020927837
1699543566020987760 1699543566026645282
1699543566026683284 1699543566032330796
1699543566032358909 1699543566037788041
1699543566037835440 1699543566044610862
1699543566044625971 1699543566049737156
1699543566049799573 1699543566055552784
1699543566055573423 1699543566060717259
1699543566060748959 1699543566066319797
1699543566066383336 1699543566071763587
1699543566071788714 1699543566076911460
1699543566076952037 1699543566082459076
1699543566082494152 1699543566087680087
1699543566087738256 1699543566092893844
1699543566092930734 1699543566098374012
1699543566098402856 1699543566102513772
1699543566102572823 1699543566107587066
1699543566107657057 1699543566112766478
1699543566112821913 1699543566117806029
1699543566117867445 1699543566122959643
1699543566123001873 1699543566128118287
1699543566128149065 1699543566133682023
1699543566133714073 1699543566138705914
1699543566138733546 1699543566144726708
1699543566144773095 1699543566150419605
1699543566150477995 1699543566155801860
1699543566155856863 1699543566160974951
1699543566161010067 1699543566166200019
1699543566166250144 1699543566172006431
1699543566172093785 1699543566176428461
1699543566176484256 1699543566181616169
1699543566181652367 1699543566186759895
1699543566186788058 1699543566191966750
1699543566192017616 1699543566197176610
1699543566197264385 1699543566202393764
1699543566202442756 1699543566207735453
1699543566207793993 1699543566212707706
1699543566212732433 1699543566217908199
1699543566217963973 1699543566223223737
1699543566223273380 1699543566228372924
1699543566228430852 1699543566233674166
1699543566233722627 1699543566238705851
1699543566238769250 1699543566245514917
1699543566245566594 1699543566250866233
1699543566250911277 1699543566256183014
1699543566256202260 1699543566261459550
1699543566261490458 1699543566266577427
1699543566266606462 1699543566271808527
1699543566271840297 1699543566276998389
1699543566277043474 1699543566282122478
1699543566282141815 1699543566287807662
1699543566287834743 1699543566293004117
1699543566293032761 1699543566298438239
1699543566298462615 1699543566303879514
1699543566303917385 1699543566309055951
1699543566309068374 1699543566314450429
1699543566314482559 1699543566320294731
1699543566320306974 1699543566325377823
1699543566325401297 1699543566331001981
1699543566331025055 1699543566336263629
1699543566336284889 1699543566341358513
1699543566341377249 1699543566347515834
1699543566347546422 1699543566353170200
1699543566353198954 1699543566358278660
1699543566358335948 1699543566363799414
1699543566363858325 1699543566369272248
1699543566369332331 1699543566374551288
1699543566374602254 1699543566380029413
1699543566380067605 1699543566385154213
1699543566385224876 1699543566390733688
1699543566390781428 1699543566395967223
1699543566395996498 1699543566400301298
1699543566400329110 1699543566405652613
1699543566405687669 1699543566410810015
1699543566410858165 1699543566415926230
1699543566415966606 1699543566421396489
1699543566421417659 1699543566426814600
1699543566426839437 1699543566431956182
1699543566431983985 1699543566437121860
1699543566437152818 1699543566442441997
1699543566442476322 1699543566447718973
1699543566447765210 1699543566452957267
1699543566452976644 1699543566457919072
1699543566457934240 1699543566462774696
1699543566462802699 1699543566467857277
1699543566467888826 1699543566472923888
1699543566472966518 1699543566478130322
1699543566478160098 1699543566483346163
1699543566483375488 1699543566488719541
1699543566488738857 1699543566492691966
1699543566492720470 1699543566497969354
1699543566497996435 1699543566503481813
1699543566503514173 1699543566508524719
1699543566508541911 1699543566513875343
1699543566513905169 1699543566519088279
1699543566519119548 1699543566524077925
1699543566524101139 1699543566529006437
1699543566529040922 1699543566534044495
1699543566534074451 1699543566539382957
1699543566539410068 1699543566544232079
1699543566544260512 1699543566549512441
1699543566549531467 1699543566554374969
1699543566554398734 1699543566559358905
1699543566559398930 1699543566564559728
1699543566564615813 1699543566569707992
1699543566569728421 1699543566574801184
1699543566574823356 1699543566580112725
1699543566580128916 1699543566585649489
1699543566585678815 1699543566591410135
1699543566591441373 1699543566596636546
1699543566596663516 1699543566601919724
1699543566601969037 1699543566607553771
1699543566607610378 1699543566612664445
1699543566612684974 1699543566617845581
1699543566617862794 1699543566622979309
1699543566622997794 1699543566628061369
1699543566628079563 1699543566633227016
1699543566633256060 1699543566637673713
1699543566637703178 1699543566642834140
1699543566642866891 1699543566649748302
1699543566649767418 1699543566655034335
1699543566655090251 1699543566660351017
1699543566660367838 1699543566666115320
1699543566666147500 1699543566671479790
1699543566671503054 1699543566677107816
1699543566677147681 1699543566682179526
1699543566682195216 1699543566687722833
1699543566687752318 1699543566692922905
1699543566692981175 1699543566698191516
1699543566698207145 1699543566703824481
1699543566703856862 1699543566709516928
1699543566709560260 1699543566714690901
1699543566714773205 1699543566719600647
1699543566719713489 1699543566724606975
1699543566724621623 1699543566729591432
1699543566729699805 1699543566734849482
1699543566734972474 1699543566740515690
1699543566740611981 1699543566745844695
1699543566745932209 1699543566751520531
1699543566751530980 1699543566757394959
1699543566757523331 1699543566762731067
1699543566762856001 1699543566768100577
1699543566768200325 1699543566773479706
1699543566773616012 1699543566779044042
1699543566779054211 1699543566784378466
1699543566784427398 1699543566789522493
1699543566789648430 1699543566794899898
1699543566794935555 1699543566800041470
1699543566800141117 1699543566805259826
1699543566805367689 1699543566810762637
1699543566810784317 1699543566815914778
1699543566816016580 1699543566821440473
1699543566821582620 1699543566826508156
1699543566826651565 1699543566831873909
1699543566832043187 1699543566837102604
1699543566837238760 1699543566842349494
1699543566842473437 1699543566847664472
1699543566847753830 1699543566853862960
1699543566854023101 1699543566859389716
1699543566859503139 1699543566865135082
1699543566865162233 1699543566870443718
1699543566870562651 1699543566876021449
1699543566876105177 1699543566881359140
1699543566881441084 1699543566885591132
1699543566885686582 1699543566890879611
1699543566890993024 1699543566895935562
1699543566896020191 1699543566901289943
1699543566901475572 1699543566906582068
1699543566906616453 1699543566910820714
1699543566910884814 1699543566916201715
1699543566916232042 1699543566921373133
1699543566921450879 1699543566926490911
1699543566926528962 1699543566931453997
1699543566931554987 1699543566936646084
1699543566936754748 1699543566941789009
1699543566941834214 1699543566947065975
1699543566947095881 1699543566954173411
1699543566954284509 1699543566959669700
1699543566959699485 1699543566963962015
1699543566964081179 1699543566969211861
1699543566969317489 1699543566974865415
1699543566974956266 1699543566980335264
1699543566980432406 1699543566985651313
1699543566985748306 1699543566990986269
1699543566991060178 1699543566996281009
1699543566996316375 1699543567001811281
1699543567001893606 1699543567007020039
1699543567007132951 1699543567011361007
1699543567011459061 1699543567016548826
1699543567016669633 1699543567021987005
1699543567022113613 1699543567027133816
1699543567027164093 1699543567032442312
1699543567032480243 1699543567037502191
1699543567037589996 1699543567042839560
1699543567042871951 1699543567048055201
1699543567048135212 1699543567054720678
1699543567054825715 1699543567060092492
1699543567060212968 1699543567065171236
1699543567065299076 1699543567070469542
1699543567070620876 1699543567075917349
1699543567076022858 1699543567080986235
1699543567081073649 1699543567086500046
1699543567086591999 1699543567092036520
1699543567092065996 1699543567097482414
1699543567097577673 1699543567103175061
1699543567103269779 1699543567108604033
1699543567108746351 1699543567113930182
1699543567114095693 1699543567119577004
1699543567119700736 1699543567124773589
1699543567124850994 1699543567129986545
1699543567130100980 1699543567135084395
1699543567135175757 1699543567140234252
1699543567140251865 1699543567145484498
1699543567145652844 1699543567150775761
1699543567150882572 1699543567156615165
1699543567156722807 1699543567162184490
1699543567162323441 1699543567167557016
1699543567167635314 1699543567172688720
1699543567172794018 1699543567177933435
1699543567177943945 1699543567183547836
1699543567183658554 1699543567188942013
1699543567189043774 1699543567193241012
1699543567193350317 1699543567198631952
1699543567198745756 1699543567203666673
1699543567203800444 1699543567208890399
1699543567208989565 1699543567214235804
1699543567214319932 1699543567219523130
1699543567219601968 1699543567224654983
1699543567224788434 1699543567229856718
1699543567229883088 1699543567234966230
1699543567234977922 1699543567240219943
1699543567240297539 1699543567245651009
1699543567245677949 1699543567250555285
1699543567250660262 1699543567256864401
1699543567256991169 1699543567262604778
1699543567262715866 1699543567267875603
1699543567267941426 1699543567273262636
1699543567273396939 1699543567278714571
1699543567278777770 1699543567283983242
1699543567284028437 1699543567289264617
1699543567289353764 1699543567294493753
1699543567294593791 1699543567299841312
1699543567299956077 1699543567305347168
1699543567305455963 1699543567310818651
1699543567310948665 1699543567316003494
1699543567316125553 1699543567321131660
1699543567321200730 1699543567326460604
1699543567326488877 1699543567331999202
1699543567332074674 1699543567337249900
1699543567337384533 1699543567342681497
1699543567342788438 1699543567348140635
1699543567348248728 1699543567353630371
1699543567353656961 1699543567359125016
1699543567359222530 1699543567364659256
1699543567364758884 1699543567370343959
1699543567370423328 1699543567375971824
1699543567376111898 1699543567381279940
1699543567381370029 1699543567386557147
1699543567386661974 1699543567391947776
1699543567392041292 1699543567397625025
1699543567397662154 1699543567403053435
1699543567403201003 1699543567408354558
1699543567408448254 1699543567413570439
1699543567413625112 1699543567419149623
1699543567419226377 1699543567424457839
1699543567424493255 1699543567429548825
1699543567429679982 1699543567434888229
1699543567434994939 1699543567440356685
1699543567440434050 1699543567445960706
1699543567446123201 1699543567451491489
1699543567451514252 1699543567456632901
1699543567456670392 1699543567462359342
1699543567462422230 1699543567468053071
1699543567468084581 1699543567473088083
1699543567473172552 1699543567478453977
1699543567478483473 1699543567483637448
1699543567483684606 1699543567489038447
1699543567489132053 1699543567494376959
1699543567494410402 1699543567498691136
1699543567498742021 1699543567504190330
1699543567504218352 1699543567509405480
1699543567509454312 1699543567514573061
1699543567514615651 1699543567519959783
1699543567519985471 1699543567524975539
1699543567525025814 1699543567530227849
1699543567530276150 1699543567535527738
1699543567535579946 1699543567540813281
1699543567540862764 1699543567545910199
1699543567545937831 1699543567551166056
1699543567551253160 1699543567556476545
1699543567556521359 1699543567562148744
1699543567562201703 1699543567567570182
1699543567567599096 1699543567572652403
1699543567572676999 1699543567577820534
1699543567577857624 1699543567583038369
1699543567583063396 1699543567588144675
1699543567588170814 1699543567593222697
1699543567593251922 1699543567598384748
1699543567598415726 1699543567603652627
1699543567603703322 1699543567609003923
1699543567609052244 1699543567614138101
1699543567614164801 1699543567619174255
1699543567619206536 1699543567624552421
1699543567624600261 1699543567629689014
1699543567629735251 1699543567634776965
1699543567634792134 1699543567639878231
1699543567639906815 1699543567644962185
1699543567644993634 1699543567649814023
1699543567649832097 1699543567654798289
1699543567654821954 1699543567661310186
1699543567661338509 1699543567666447079
1699543567666479540 1699543567671937666
1699543567671966571 1699543567677313048
1699543567677342554 1699543567682590706
1699543567682619390 1699543567687633862
1699543567687697302 1699543567692811833
1699543567692838443 1699543567697964736
1699543567697993600 1699543567703342392
1699543567703379371 1699543567708618286
1699543567708665575 1699543567713633070
1699543567713662705 1699543567718600594
1699543567718645048 1699543567723820644
1699543567723852865 1699543567728805782
1699543567728857078 1699543567734198806
1699543567734232069 1699543567739253956
1699543567739287258 1699543567745076548
1699543567745139205 1699543567750311224
1699543567750355818 1699543567755502510
1699543567755556752 1699543567759485555
1699543567759528966 1699543567764488686
1699543567764533260 1699543567769468254
1699543567769515002 1699543567774765889
1699543567774806656 1699543567780038968
1699543567780073403 1699543567785016572
1699543567785059593 1699543567790525565
1699543567790569717 1699543567796007136
1699543567796053683 1699543567801300713
1699543567801341340 1699543567806470087
1699543567806498180 1699543567811845248
1699543567811895091 1699543567816094242
1699543567816112737 1699543567821011393
1699543567821058251 1699543567825902684
1699543567825945835 1699543567830794427
1699543567830839341 1699543567836079608
1699543567836096951 1699543567841229536
1699543567841272076 1699543567846218862
1699543567846277843 1699543567851631874
1699543567851650499 1699543567856785559
1699543567856830984 1699543567862804319
1699543567862838773 1699543567868191883
1699543567868331345 1699543567873711396
1699543567873740019 1699543567879145577
1699543567879227972 1699543567885122418
1699543567885170499 1699543567890524009
1699543567890574694 1699543567895727047
1699543567895781489 1699543567901051312
1699543567901084244 1699543567906154742
1699543567906209124 1699543567911790723
1699543567911832912 1699543567916945260
1699543567916977230 1699543567921972356
1699543567922008203 1699543567927074323
1699543567927137262 1699543567932301506
1699543567932346902 1699543567937492512
1699543567937528399 1699543567942732879
1699543567942749540 1699543567947838383
1699543567947870584 1699543567953413930
1699543567953433547 1699543567958843112
1699543567958902604 1699543567964335193
1699543567964377002 1699543567969584107
1699543565835997982 1699543565844856499
1699543565844925077 1699543565851698906
1699543565851754501 1699543565858207117
1699543565858242273 1699543565864031241
1699543565864078099 1699543565870142315
1699543565870162503 1699543565875898913
1699543565876039978 1699543565883093342
1699543565883133027 1699543565888350822
1699543565888402148 1699543565893726754
1699543565893745009 1699543565899703435
1699543565899732520 1699543565905024274
1699543565905076292 1699543565910227042
1699543565910316790 1699543565915810103
1699543565915858374 1699543565921684181
1699543565921721151 1699543565926909370
1699543565926937593 1699543565932237142
1699543565932290652 1699543565937494982
1699543565937549395 1699543565944434704
1699543565944465922 1699543565949778596
1699543565949845191 1699543565955470903
1699543565955535795 1699543565961012897
1699543565961042733 1699543565966265678
1699543565966311504 1699543565972224435
1699543565972265823 1699543565977473901
1699543565977523574 1699543565982878326
1699543565982912651 1699543565988490853
1699543565988526861 1699543565993632244
1699543565993678712 1699543565999159200
1699543565999216628 1699543566004819407
1699543566004996681 1699543566010476057
1699543566010516393 1699543566016077032
1699543566016122387 1699543566021297552
1699543566021325825 1699543566026674297
1699543566026767101 1699543566032149125
1699543566032194560 1699543566037656013
1699543566037694345 1699543566044335595
1699543566044373055 1699543566049644121
1699543566049667896 1699543566055613809
1699543566055648685 1699543566060816997
1699543566060882259 1699543566066176568
1699543566066210061 1699543566071682855
1699543566071715076 1699543566076934303
1699543566076963879 1699543566082117193
1699543566082155405 1699543566087218990
1699543566087264806 1699543566092381391
1699543566092428961 1699543566098012413
1699543566098054442 1699543566103197998
1699543566103254434 1699543566108298092
1699543566108315524 1699543566113232684
1699543566113267269 1699543566118249092
1699543566118271484 1699543566123260809
1699543566123284203 1699543566128384778
1699543566128436465 1699543566133824952
1699543566133886527 1699543566139166379
1699543566139187418 1699543566144794846
1699543566144810475 1699543566150422571
1699543566150466193 1699543566155729344
1699543566155843428 1699543566161274804
1699543566161309700 1699543566166572650
1699543566166602696 1699543566171903177
1699543566171986373 1699543566177167620
1699543566177216983 1699543566182433766
1699543566182454956 1699543566187837400
1699543566187866715 1699543566193055456
1699543566193079291 1699543566198364592
1699543566198394138 1699543566203678538
1699543566203714356 1699543566208777180
1699543566208813478 1699543566214016015
1699543566214034670 1699543566218937182
1699543566218988378 1699543566224122266
1699543566224141221 1699543566229404372
1699543566229438015 1699543566234671089
1699543566234702718 1699543566239956391
1699543566240009460 1699543566245440847
1699543566245461596 1699543566250951322
1699543566250995856 1699543566256184877
1699543566256264687 1699543566262034150
1699543566262076299 1699543566267362723
1699543566267385365 1699543566272552114
1699543566272588503 1699543566276709607
1699543566276750594 1699543566282235651
1699543566282273222 1699543566287590394
1699543566287647051 1699543566292750771
1699543566292807498 1699543566298339072
1699543566298372365 1699543566303510871
1699543566303541769 1699543566308974398
1699543566309020394 1699543566314381068
1699543566314439709 1699543566319879030
1699543566319916650 1699543566325279879
1699543566325320685 1699543566330877888
1699543566330910990 1699543566336125119
1699543566336171967 1699543566341405181
1699543566341444214 1699543566347284149
1699543566347333612 1699543566352774026
1699543566352801758 1699543566357945945
1699543566357979538 1699543566363584610
1699543566363615408 1699543566369160198
1699543566369213388 1699543566374558071
1699543566374604268 1699543566379965102
1699543566380606838 1699543566385972701
1699543566386029859 1699543566391610456
1699543566391650761 1699543566396654945
1699543566396685282 1699543566402091752
1699543566402107361 1699543566407566871
1699543566407596306 1699543566412829570
1699543566412855409 1699543566419022097
1699543566419052735 1699543566424361921
1699543566424394893 1699543566429601608
1699543566429636122 1699543566434873325
1699543566434915564 1699543566440320961
1699543566440354324 1699543566446043585
1699543566446065326 1699543566451208250
1699543566451227897 1699543566456383586
1699543566456411439 1699543566461395414
1699543566461422275 1699543566466921408
1699543566466957536 1699543566472187244
1699543566472244742 1699543566477438071
1699543566477473438 1699543566482633634
1699543566482667678 1699543566488059971
1699543566488087823 1699543566493190092
1699543566493219057 1699543566498755231
1699543566498786560 1699543566504000898
1699543566504019283 1699543566509291079
1699543566509311427 1699543566514655690
1699543566514669536 1699543566519929360
1699543566519961520 1699543566525061604
1699543566525080299 1699543566530773207
1699543566530800438 1699543566535871538
1699543566535890794 1699543566541139407
1699543566541162370 1699543566548099757
1699543566548132007 1699543566553312022
1699543566553354762 1699543566558741475
1699543566558782081 1699543566564163894
1699543566564192458 1699543566569351993
1699543566569380787 1699543566574684976
1699543566574717016 1699543566580085153
1699543566580114819 1699543566585507593
1699543566585537178 1699543566590944510
1699543566590977812 1699543566596517101
1699543566596557307 1699543566601805610
1699543566601824485 1699543566607059793
1699543566607089619 1699543566612276867
1699543566612300521 1699543566617573430
1699543566617588879 1699543566623048078
1699543566623070270 1699543566628335033
1699543566628365951 1699543566633310853
1699543566633353383 1699543566638448368
1699543566638478876 1699543566642918268
1699543566642954416 1699543566649508943
1699543566649533970 1699543566654685811
1699543566654714144 1699543566660307244
1699543566660337261 1699543566666060887
1699543566666106794 1699543566671284954
1699543566671309490 1699543566677109209
1699543566677147711 1699543566681754337
1699543566681800444 1699543566687390909
1699543566687420184 1699543566692856120
1699543566692884663 1699543566698167440
1699543566698178942 1699543566703798432
1699543566703815504 1699543566709546083
1699543566709579997 1699543566713816608
1699543566713843258 1699543566718739970
1699543566718776779 1699543566723979416
1699543566724013931 1699543566729130005
1699543566729164199 1699543566734484467
1699543566734502611 1699543566739947312
1699543566739973752 1699543566745424465
1699543566745454021 1699543566751620609
1699543566751639003 1699543566757029433
1699543566757048428 1699543566762633293
1699543566762661246 1699543566767838515
1699543566767846790 1699543566773355232
1699543566773373246 1699543566778630585
1699543566778639161 1699543566783989335
1699543566784006147 1699543566789024928
1699543566789033204 1699543566794312374
1699543566794336640 1699543566799604489
1699543566799618485 1699543566804990931
1699543566805009786 1699543566810195200
1699543566810208275 1699543566815387227
1699543566815416622 1699543566820472083
1699543566820503783 1699543566825786690
1699543566825822277 1699543566830918884
1699543566830947378 1699543566836208404
1699543566836218873 1699543566841444994
1699543566841483877 1699543566846841906
1699543566846857115 1699543566853640892
1699543566853673203 1699543566858825696
1699543566858841826 1699543566864573307
1699543566864607511 1699543566869810077
1699543566869832590 1699543566875558880
1699543566875586271 1699543566881037996
1699543566881070588 1699543566886169078
1699543566886208553 1699543566891363871
1699543566891399618 1699543566896713223
1699543566896746987 1699543566902118611
1699543566902147234 1699543566907567720
1699543566907599680 1699543566912707639
1699543566912737365 1699543566917730448
1699543566917757188 1699543566922839439
1699543566922884083 1699543566928200503
1699543566928220431 1699543566933044185
1699543566933076576 1699543566938411411
1699543566938431048 1699543566943499753
1699543566943520062 1699543566947976295
1699543566948104015 1699543566954334153
1699543566954363167 1699543566959686471
1699543566959756382 1699543566965127966
1699543566965163884 1699543566970545767
1699543566970569221 1699543566975708820
1699543566975740259 1699543566981137111
1699543566981164081 1699543566986268734
1699543566986298509 1699543566991574063
1699543566991598579 1699543566996696920
1699543566996730513 1699543567002147202
1699543567002174183 1699543567007869535
1699543567007897668 1699543567012974439
1699543567013010246 1699543567018051259
1699543567018068131 1699543567023312606
1699543567023343203 1699543567028427878
1699543567028467212 1699543567033641796
1699543567033660651 1699543567039041483
1699543567039066430 1699543567044352093
1699543567044377831 1699543567049856657
1699543567049886082 1699543567054898702
1699543567054911175 1699543567060294942
1699543567060746681 1699543567066051770
1699543567066092016 1699543567071692320
1699543567071714441 1699543567076787655
1699543567076805168 1699543567081821905
1699543567081831283 1699543567086861866
1699543567086889919 1699543567092254089
1699543567092272343 1699543567097941457
1699543567097971754 1699543567103341183
1699543567103376219 1699543567108498184
1699543567108524053 1699543567113822018
1699543567113858667 1699543567119173816
1699543567119190367 1699543567124498532
1699543567124527356 1699543567129601842
1699543567129619615 1699543567134768221
1699543567134786485 1699543567140464385
1699543567140492387 1699543567145747843
1699543567145767750 1699543567149880138
1699543567149910084 1699543567156684044
1699543567156716636 1699543567162354840
1699543567162381390 1699543567167350528
1699543567167368532 1699543567172534139
1699543567172548577 1699543567178090370
1699543567178100620 1699543567183393215
1699543567183426428 1699543567188989091
1699543567189031060 1699543567194304951
1699543567194314008 1699543567199570746
1699543567199585624 1699543567204740962
1699543567204755980 1699543567209897111
1699543567209925795 1699543567214977548
1699543567214992486 1699543567220033379
1699543567220048056 1699543567225345401
1699543567225373013 1699543567229586070
1699543567229613100 1699543567234606124
1699543567234639827 1699543567239836552
1699543567239869454 1699543567245090876
1699543567245117736 1699543567250190900
1699543567250217721 1699543567257271386
1699543567257310379 1699543567262648540
1699543567262668848 1699543567268623188
1699543567268656079 1699543567273783555
1699543567273824221 1699543567278140162
1699543567278171200 1699543567283496757
1699543567283525582 1699543567288761090
1699543567288788792 1699543567294047565
1699543567294085235 1699543567299444035
1699543567299481265 1699543567304999705
1699543567305026936 1699543567310440220
1699543567310470807 1699543567315671179
1699543567315701947 1699543567320744373
1699543567320774529 1699543567326171371
1699543567326204974 1699543567331906779
1699543567331935262 1699543567337543692
1699543567337559652 1699543567342856225
1699543567342913523 1699543567348267794
1699543567348287411 1699543567353713277
1699543567353733184 1699543567359284296
1699543567359323980 1699543567364837962
1699543567364860615 1699543567370398742
1699543567370428377 1699543567375823856
1699543567375836009 1699543567381459688
1699543567381495194 1699543567386999718
1699543567387016810 1699543567392361714
1699543567392391931 1699543567397490812
1699543567397525347 1699543567402721502
1699543567402749204 1699543567408219404
1699543567408259369 1699543567413713067
1699543567413732423 1699543567418784357
1699543567418811157 1699543567424109464
1699543567424144149 1699543567429399825
1699543567429430263 1699543567434945797
1699543567434974281 1699543567440406699
1699543567440435042 1699543567445824450
1699543567445852292 1699543567451041103
1699543567451052043 1699543567456229994
1699543567456286129 1699543567462467636
1699543567462499185 1699543567467748028
1699543567467792602 1699543567472885583
1699543567472958119 1699543567478026494
1699543567478076258 1699543567483163387
1699543567483192442 1699543567488504955
1699543567488532336 1699543567493758427
1699543567493812047 1699543567498826370
1699543567498883247 1699543567504116391
1699543567504146327 1699543567509345277
1699543567509395882 1699543567514449869
1699543567514499482 1699543567519765698
1699543567519810533 1699543567524915787
1699543567524962174 1699543567530107793
1699543567530141417 1699543567535489797
1699543567535541284 1699543567540613736
1699543567540631609 1699543567545618612
1699543567545643518 1699543567551187516
1699543567551237079 1699543567556391686
1699543567556422814 1699543567562285030
1699543567562329433 1699543567566722989
1699543567566751533 1699543567572003804
1699543567572066752 1699543567577040348
1699543567577067870 1699543567582197870
1699543567582249547 1699543567587653512
1699543567587697324 1699543567592784203
1699543567592834858 1699543567597925044
1699543567597962394 1699543567602981306
1699543567603007735 1699543567608249415
1699543567608295111 1699543567613250893
1699543567613284286 1699543567618349976
1699543567618397265 1699543567623659674
1699543567623712874 1699543567628701248
1699543567628753676 1699543567633747801
1699543567633773971 1699543567638844649
1699543567638896106 1699543567643945554
1699543567643973257 1699543567648979034
1699543567649022576 1699543567653987405
1699543567654014336 1699543567658983384
1699543567659025733 1699543567664465906
1699543567664520058 1699543567669676878
1699543567669725099 1699543567674877581
1699543567674908199 1699543567680158345
1699543567680187600 1699543567685467461
1699543567685512666 1699543567690825740
1699543567690854234 1699543567696506907
1699543567696549787 1699543567701469452
1699543567701517202 1699543567706860263
1699543567706895479 1699543567712251524
1699543567712314292 1699543567717426979
1699543567717485649 1699543567721547042
1699543567721581036 1699543567726787089
1699543567726844436 1699543567732170074
1699543567732197015 1699543567737353615
1699543567737401084 1699543567742411510
1699543567742461674 1699543567747461139
1699543567747510101 1699543567752789081
1699543567752827704 1699543567758051180
1699543567758123265 1699543567763031168
1699543567763070021 1699543567767900678
1699543567767926587 1699543567773047109
1699543567773073008 1699543567778036004
1699543567778062194 1699543567783119828
1699543567783147570 1699543567788139540
1699543567788195075 1699543567793031304
1699543567793070748 1699543567798262634
1699543567798307489 1699543567803673973
1699543567803696094 1699543567808989562
1699543567809101402 1699543567814316592
1699543567814360184 1699543567819458945
1699543567819494923 1699543567824588074
1699543567824608132 1699543567829685403
1699543567829718485 1699543567834791778
1699543567834838837 1699543567840014914
1699543567840066430 1699543567845162817
1699543567845246895 1699543567850618619
1699543567850649217 1699543567856240985
1699543567856273727 1699543567862803918
1699543567862840647 1699543567868203224
1699543567868301599 1699543567873691308
1699543567873729209 1699543567879130549
1699543567879188518 1699543567885021489
1699543567885076442 1699543567890560628
1699543567890593570 1699543567895855528
1699543567895900833 1699543567901216632
1699543567901267057 1699543567906361601
1699543567906407998 1699543567911702076
1699543567911748233 1699543567916987629
1699543567917034587 1699543567922273672
1699543567922301324 1699543567927199479
1699543567927253400 1699543567932499659
1699543567932529254 1699543567937685725
1699543567937725520 1699543567942793804
1699543567942824281 1699543567947958218
1699543567947995959 1699543567953426053
1699543567953454907 1699543567958750899
1699543567958788560 1699543567964174271
1699543567964203165 1699543567969524956
1699543567969559521 1699543567974924342
1699543567974955180 1699543567980459594
1699543565835949410 1699543565845131305
1699543565845214381 1699543565851741376
1699543565851759460 1699543565857806284
1699543565857838685 1699543565864231387
1699543565864281992 1699543565870105195
1699543565870154908 1699543565876025370
1699543565876075435 1699543565881736032
1699543565882176569 1699543565888681172
1699543565888714024 1699543565894530805
1699543565894560171 1699543565899804385
1699543565899821357 1699543565904323828
1699543565904381767 1699543565910105373
1699543565910151520 1699543565915421843
1699543565915468221 1699543565921039289
1699543565921097128 1699543565926385566
1699543565926439066 1699543565931759735
1699543565931816381 1699543565936906837
1699543565936941833 1699543565944369751
1699543565944401641 1699543565949646969
1699543565949700379 1699543565955776597
1699543565955840968 1699543565961159673
1699543565961207152 1699543565966658586
1699543565966723638 1699543565972031703
1699543565972087498 1699543565977326263
1699543565977371458 1699543565982717835
1699543565982769432 1699543565987872892
1699543565987927905 1699543565993337611
1699543565993394307 1699543565999378793
1699543565999430861 1699543566005006399
1699543566005040052 1699543566010415032
1699543566010457873 1699543566015973768
1699543566016025625 1699543566021217211
1699543566021247037 1699543566026694254
1699543566026726655 1699543566032225238
1699543566032254713 1699543566037507143
1699543566037545265 1699543566044215720
1699543566044248732 1699543566049477338
1699543566049508486 1699543566054951605
1699543566055000336 1699543566060354638
1699543566060384584 1699543566065750056
1699543566065786836 1699543566071426754
1699543566071464565 1699543566076867347
1699543566076896703 1699543566082022335
1699543566082042142 1699543566087416311
1699543566087490931 1699543566092744714
1699543566092777095 1699543566098310713
1699543566098345509 1699543566103530853
1699543566103556922 1699543566108520930
1699543566108591032 1699543566113602660
1699543566113635321 1699543566118663350
1699543566118697264 1699543566123627108
1699543566123641755 1699543566128573503
1699543566128608068 1699543566132907387
1699543566132939578 1699543566137989568
1699543566138026036 1699543566144660533
1699543566144711499 1699543566149903405
1699543566149969630 1699543566155623124
1699543566155647370 1699543566160721014
1699543566160761750 1699543566166248320
1699543566166285530 1699543566172026488
1699543566172059811 1699543566177259683
1699543566177290270 1699543566182403138
1699543566182442262 1699543566187764583
1699543566187793347 1699543566193128924
1699543566193142980 1699543566198327823
1699543566198379050 1699543566203510172
1699543566203527855 1699543566208583747
1699543566208611128 1699543566213722062
1699543566213756166 1699543566219032591
1699543566219077165 1699543566224233955
1699543566224257379 1699543566229544555
1699543566229596423 1699543566234767350
1699543566234799681 1699543566240063482
1699543566240085032 1699543566245763975
1699543566245801986 1699543566250934411
1699543566250995375 1699543566256439997
1699543566256468540 1699543566261882865
1699543566261919775 1699543566267301898
1699543566267329600 1699543566272262670
1699543566272285223 1699543566277238761
1699543566277274278 1699543566282279433
1699543566282345868 1699543566287655476
1699543566287712233 1699543566292981835
1699543566292997004 1699543566298435794
1699543566298508040 1699543566303648920
1699543566303681912 1699543566309054278
1699543566309112157 1699543566314359538
1699543566314393341 1699543566319778120
1699543566319807465 1699543566325304315
1699543566325333379 1699543566330472707
1699543566330530435 1699543566335507008
1699543566335539088 1699543566340590370
1699543566340630054 1699543566347364119
1699543566347461442 1699543566353099788
1699543566353158168 1699543566358486951
1699543566358518320 1699543566363795106
1699543566363865498 1699543566369339665
1699543566369363680 1699543566374529267
1699543566374570555 1699543566380147254
1699543566380595908 1699543566386202293
1699543566386242408 1699543566391542077
1699543566391575269 1699543566396771534
1699543566396786432 1699543566402111379
1699543566402131827 1699543566407488233
1699543566407518700 1699543566412893801
1699543566412924679 1699543566418941165
1699543566418971753 1699543566424379605
1699543566424409391 1699543566429769152
1699543566429816642 1699543566434944819
1699543566434971960 1699543566440695916
1699543566440728277 1699543566447008097
1699543566447024428 1699543566452066673
1699543566452094977 1699543566457141490
1699543566457172058 1699543566462153268
1699543566462180139 1699543566467347499
1699543566467361826 1699543566472577638
1699543566472621530 1699543566478071952
1699543566478105616 1699543566483323601
1699543566483353227 1699543566488545133
1699543566488573887 1699543566493516886
1699543566493545210 1699543566498698234
1699543566498713232 1699543566503757931
1699543566503779282 1699543566509120088
1699543566509151397 1699543566514552366
1699543566514582092 1699543566519712342
1699543566519732881 1699543566524958781
1699543566524980241 1699543566530653953
1699543566530687546 1699543566535815613
1699543566535854867 1699543566541191896
1699543566541211643 1699543566547984801
1699543566548018815 1699543566553235448
1699543566553273349 1699543566558652067
1699543566558682434 1699543566564058736
1699543566564088853 1699543566569278896
1699543566569319132 1699543566574834417
1699543566574874983 1699543566580353618
1699543566580378505 1699543566585433934
1699543566585462799 1699543566590862806
1699543566590897451 1699543566596254798
1699543566596291577 1699543566601398345
1699543566601428692 1699543566606982087
1699543566607015570 1699543566612009294
1699543566612043057 1699543566617162397
1699543566617180882 1699543566622177652
1699543566622198962 1699543566627443548
1699543566627473183 1699543566632736103
1699543566632764687 1699543566637940604
1699543566637977604 1699543566643283504
1699543566643338908 1699543566649576550
1699543566649629699 1699543566655220405
1699543566655248478 1699543566660264634
1699543566660311973 1699543566666033085
1699543566666067209 1699543566671520206
1699543566671565722 1699543566677134135
1699543566677182336 1699543566681738127
1699543566681755199 1699543566687060839
1699543566687079133 1699543566691978280
1699543566692018916 1699543566697084606
1699543566697119361 1699543566702295147
1699543566702328800 1699543566707446056
1699543566707474059 1699543566712871602
1699543566712902650 1699543566718090930
1699543566718117971 1699543566723518620
1699543566723576950 1699543566728799023
1699543566728838908 1699543566734456524
1699543566734485378 1699543566740122391
1699543566740145805 1699543566745344264
1699543566745372197 1699543566751560596
1699543566751577758 1699543566757298939
1699543566757330098 1699543566762611382
1699543566762626250 1699543566767873641
1699543566767932361 1699543566773472893
1699543566773517286 1699543566778819750
1699543566778860477 1699543566784722944
1699543566784781714 1699543566789831835
1699543566789853255 1699543566794365714
1699543566794418213 1699543566799676895
1699543566799721158 1699543566804949593
1699543566804997102 1699543566810279659
1699543566810328861 1699543566815823287
1699543566815859745 1699543566821426567
1699543566821479466 1699543566826648028
1699543566826670010 1699543566831768601
1699543566831802534 1699543566837046248
1699543566837078849 1699543566842301864
1699543566842334315 1699543566847431224
1699543566847461100 1699543566853757972
1699543566853802356 1699543566859243431
1699543566859268849 1699543566864582915
1699543566864618011 1699543566870045119
1699543566870077450 1699543566875581342
1699543566875612210 1699543566880955752
1699543566880984556 1699543566886311987
1699543566886346261 1699543566891827763
1699543566891848782 1699543566896788465
1699543566896853106 1699543566902196226
1699543566902225912 1699543566907284618
1699543566907322349 1699543566912295094
1699543566912319049 1699543566917248973
1699543566917277968 1699543566922286560
1699543566922334520 1699543566927711484
1699543566927728056 1699543566932498480
1699543566932518016 1699543566937471655
1699543566937481684 1699543566942833852
1699543566942860232 1699543566948276119
1699543566948293822 1699543566954255805
1699543566954282516 1699543566959754018
1699543566959773304 1699543566964968948
1699543566965002541 1699543566970299475
1699543566970355921 1699543566975753163
1699543566975781477 1699543566981034518
1699543566981062641 1699543566986288631
1699543566986318257 1699543566991649255
1699543566991668411 1699543566996780387
1699543566996919368 1699543567002227974
1699543567002258762 1699543567007861921
1699543567007879013 1699543567013111446
1699543567013143777 1699543567018261203
1699543567018296590 1699543567023417393
1699543567023450365 1699543567028504141
1699543567028531392 1699543567033670550
1699543567033684686 1699543567038972123
1699543567039009453 1699543567044354828
1699543567044387219 1699543567049511358
1699543567049537266 1699543567055069924
1699543567055117543 1699543567060561704
1699543567060770616 1699543567065904153
1699543567065949258 1699543567071142436
1699543567071189535 1699543567076392673
1699543567076422689 1699543567081417475
1699543567081443494 1699543567086666048
1699543567086683000 1699543567092070163
1699543567092101352 1699543567097624621
1699543567097685035 1699543567102954948
1699543567102988601 1699543567108383609
1699543567108420037 1699543567113660345
1699543567113690902 1699543567118649501
1699543567118663367 1699543567123939682
1699543567123967925 1699543567129188896
1699543567129218351 1699543567134436357
1699543567134468367 1699543567139809384
1699543567139838809 1699543567145384671
1699543567145433152 1699543567150615029
1699543567150648252 1699543567156833716
1699543567156891294 1699543567162294217
1699543567162350112 1699543567167746492
1699543567167784865 1699543567172844142
1699543567172899917 1699543567178138020
1699543567178170601 1699543567183501268
1699543567183559197 1699543567188802290
1699543567188861181 1699543567194037048
1699543567194079427 1699543567199381140
1699543567199407189 1699543567204471475
1699543567204486063 1699543567209343851
1699543567209371172 1699543567214458492
1699543567214513716 1699543567219897824
1699543567219933431 1699543567225294806
1699543567225331715 1699543567230291225
1699543567230319458 1699543567235358778
1699543567235385368 1699543567240551416
1699543567240578487 1699543567245888765
1699543567245927037 1699543567250994140
1699543567251021772 1699543567256847709
1699543567256949461 1699543567262477799
1699543567262517454 1699543567267903094
1699543567267995568 1699543567273220777
1699543567273276292 1699543567278697309
1699543567278759566 1699543567284003570
1699543567284036141 1699543567289197470
1699543567289226936 1699543567294532646
1699543567294578392 1699543567299555535
1699543567299595490 1699543567305097559
1699543567305148435 1699543567310350631
1699543567310413670 1699543567315441418
1699543567315474219 1699543567320472341
1699543567320509712 1699543567326198622
1699543567326233387 1699543567331394486
1699543567331429271 1699543567336709715
1699543567336738890 1699543567341881864
1699543567341934333 1699543567347118464
1699543567347165443 1699543567352275054
1699543567352305672 1699543567359217500
1699543567359275189 1699543567364880663
1699543567364909216 1699543567370436252
1699543567370469865 1699543567375930356
1699543567375956185 1699543567381460790
1699543567381514050 1699543567386824709
1699543567386863793 1699543567391975438
1699543567392030372 1699543567397391907
1699543567397420941 1699543567402898184
1699543567402927719 1699543567408354688
1699543567408404071 1699543567413743594
1699543567413772839 1699543567418916795
1699543567418940360 1699543567424191999
1699543567424222156 1699543567429472843
1699543567429534228 1699543567435038171
1699543567435104255 1699543567440460610
1699543567440504593 1699543567446034455
1699543567446071484 1699543567451421327
1699543567451475128 1699543567456464324
1699543567456525389 1699543567462462987
1699543567462493715 1699543567468031621
1699543567468066767 1699543567473171009
1699543567473186088 1699543567478393494
1699543567478415465 1699543567483776219
1699543567483803921 1699543567488939361
1699543567488968556 1699543567493996063
1699543567494022914 1699543567498271978
1699543567498319527 1699543567503548293
1699543567503584932 1699543567508785034
1699543567508818788 1699543567513893023
1699543567513925864 1699543567519112841
1699543567519145322 1699543567524333322
1699543567524364922 1699543567529513567
1699543567529546969 1699543567534852670
1699543567534892214 1699543567540023958
1699543567540047161 1699543567545142256
1699543567545170429 1699543567550512227
1699543567550549147 1699543567555617140
1699543567555643830 1699543567562227352
1699543567562256076 1699543567567662425
1699543567567709223 1699543567572996519
1699543567573013180 1699543567578044134
1699543567578059143 1699543567583372647
1699543567583387575 1699543567588444728
1699543567588473543 1699543567593635763
1699543567593665810 1699543567598754252
1699543567598768930 1699543567603787571
1699543567603806666 1699543567608870933
1699543567608887674 1699543567614000823
1699543567614034817 1699543567619211836
1699543567619238135 1699543567624412709
1699543567624441894 1699543567629384311
1699543567629418215 1699543567634707525
1699543567634738102 1699543567639823519
1699543567639850930 1699543567645004565
1699543567645076089 1699543567650010082
1699543567650042012 1699543567654882067
1699543567654926390 1699543567661412548
1699543567661443977 1699543567666582594
1699543567666616227 1699543567671900617
1699543567671944109 1699543567676975744
1699543567677039905 1699543567682849272
1699543567682910817 1699543567688062197
1699543567688114616 1699543567693333363
1699543567693365854 1699543567698697994
1699543567698717611 1699543567703988185
1699543567704016979 1699543567709243631
1699543567709273658 1699543567714604335
1699543567714624413 1699543567719520824
1699543567719554998 1699543567723574341
1699543567723592556 1699543567728753163
1699543567728767841 1699543567733974184
1699543567733992238 1699543567739176480
1699543567739208651 1699543567744299638
1699543567744363117 1699543567749573698
1699543567749596501 1699543567755184282
1699543567755212946 1699543567761587725
1699543567761629534 1699543567766521787
1699543567766550331 1699543567771683727
1699543567771712170 1699543567777079327
1699543567777107389 1699543567782184089
1699543567782233382 1699543567787860746
1699543567787892466 1699543567792904816
1699543567792932047 1699543567798195568
1699543567798235213 1699543567803560770
1699543567803592380 1699543567809009198
1699543567809058792 1699543567814068415
1699543567814100175 1699543567819353507
1699543567819385317 1699543567824486503
1699543567824514255 1699543567829474606
1699543567829510364 1699543567834641095
1699543567834669538 1699543567839838121
1699543567839864130 1699543567845195328
1699543567845214524 1699543567850610975
1699543567850641923 1699543567855866892
1699543567855895947 1699543567862822172
1699543567862889068 1699543567868493600
1699543567868534106 1699543567873883218
1699543567873928393 1699543567879148272
1699543567879186584 1699543567884617970
1699543567884650191 1699543567890197385
1699543567890234625 1699543567895526891
1699543567895561676 1699543567900976892
1699543567901003813 1699543567906279256
1699543567906303071 1699543567910863119
1699543567910890671 1699543567916007297
1699543567916036291 1699543567921078316
1699543567921111098 1699543567926138104
1699543567926166718 1699543567931378321
1699543567931406575 1699543567936312885
1699543567936348332 1699543567941588238
1699543567941606222 1699543567946814289
1699543567946841910 1699543567952005874
1699543567952056610 1699543567957226124
1699543567957270026 1699543567963975477
1699543567964006015 1699543567969554261
1699543567969584097 1699543567974979716
1699543567975013309 1699543567980151365
1699543567980178295 1699543567985134759
