1699543572792540473 1699543572803025827
1699543572803172112 1699543572809641549
1699543572809682566 1699543572815210855
1699543572815258514 1699543572820984765
1699543572821000655 1699543572826195998
1699543572826252765 1699543572831762388
1699543572831810348 1699543572837429748
1699543572837452761 1699543572843234567
1699543572843257810 1699543572848386798
1699543572848426703 1699543572853620703
1699543572853692378 1699543572859199417
1699543572859234363 1699543572864332694
1699543572864357129 1699543572869999683
1699543572870026283 1699543572875481814
1699543572875530736 1699543572880581708
1699543572880624057 1699543572886056186
1699543572886068549 1699543572891402051
1699543572891448990 1699543572896998008
1699543572897029106 1699543572901930747
1699543572901993034 1699543572907440911
1699543572907488821 1699543572913132877
1699543572913257442 1699543572918605852
1699543572918624287 1699543572924003485
1699543572924019716 1699543572929165345
1699543572929177628 1699543572934336452
1699543572934355218 1699543572939672560
1699543572939709109 1699543572945038514
1699543572945072077 1699543572950149077
1699543572950168023 1699543572955343008
1699543572955361563 1699543572960739369
1699543572960762893 1699543572965851475
1699543572965873336 1699543572970972608
1699543572970990843 1699543572975954080
1699543572975985619 1699543572981394002
1699543572981414871 1699543572986453870
1699543572986472095 1699543572991955910
1699543572991989292 1699543572997210143
1699543572997249908 1699543573002269350
1699543573002295299 1699543573007415681
1699543573007428345 1699543573012578794
1699543573012629609 1699543573018065715
1699543573018115198 1699543573023360564
1699543573023378979 1699543573028632352
1699543573028647580 1699543573033789092
1699543573033827254 1699543573038917399
1699543573038963796 1699543573043947822
1699543573043979521 1699543573049223496
1699543573049239656 1699543573054507295
1699543573054552950 1699543573059565009
1699543573059590066 1699543573064930993
1699543573064955168 1699543573070469100
1699543573070498615 1699543573075938688
1699543573075957454 1699543573081196809
1699543573081227226 1699543573086494264
1699543573086530011 1699543573091780969
1699543573091808581 1699543573097104954
1699543573097128207 1699543573102255743
1699543573102274848 1699543573107445786
1699543573107470342 1699543573112579383
1699543573112597677 1699543573117789122
1699543573117815111 1699543573123235036
1699543573123265353 1699543573128462249
1699543573128508867 1699543573133630702
1699543573133648164 1699543573138783084
1699543573138801128 1699543573143997563
1699543573144026618 1699543573149157439
1699543573149178048 1699543573154180268
1699543573154197991 1699543573159353269
1699543573159388174 1699543573164521681
1699543573164600419 1699543573169891122
1699543573169942208 1699543573174981657
1699543573175011373 1699543573180166020
1699543573180187610 1699543573185428870
1699543573185448226 1699543573190637978
1699543573190646534 1699543573195910136
1699543573195927999 1699543573201780377
1699543573201823308 1699543573207322381
1699543573207340566 1699543573212877200
1699543573212930690 1699543573218191727
1699543573218232073 1699543573223442464
1699543573223474093 1699543573228794391
1699543573228825570 1699543573234121562
1699543573234151128 1699543573240005549
1699543573240036367 1699543573245539829
1699543573245575676 1699543573251164518
1699543573251213070 1699543573256659935
1699543573256703888 1699543573262009749
1699543573262038283 1699543573267746138
1699543573267780333 1699543573272936632
1699543573272990133 1699543573278249086
1699543573278262531 1699543573283813983
1699543573283868235 1699543573289141153
1699543573289161682 1699543573294603067
1699543573294628154 1699543573301681920
1699543573301713149 1699543573307311328
1699543573307343389 1699543573312923595
1699543573312954142 1699543573318499643
1699543573318523377 1699543573324357411
1699543573324391014 1699543573329037967
1699543573329068153 1699543573334609887
1699543573334661083 1699543573340284120
1699543573340323353 1699543573345578169
1699543573345631589 1699543573350978647
1699543573351027499 1699543573356489543
1699543573356511213 1699543573361846380
1699543573361880644 1699543573367272185
1699543573367289488 1699543573372840038
1699543573372859835 1699543573378334563
1699543573378351735 1699543573383555364
1699543573383575462 1699543573388886753
1699543573388940474 1699543573394591403
1699543573394625968 1699543573401283008
1699543573401314657 1699543573406608194
1699543573406630166 1699543573411761709
1699543573411778711 1699543573416997949
1699543573417041631 1699543573422455254
1699543573422477766 1699543573428006576
1699543573428036853 1699543573433334558
1699543573433365717 1699543573437554037
1699543573437576850 1699543573443411404
1699543573443439166 1699543573448793739
1699543573448810290 1699543573454091594
1699543573454104809 1699543573459385212
1699543573459438703 1699543573464670224
1699543573464684350 1699543573469964172
1699543573469989329 1699543573475190392
1699543573475208026 1699543573480314983
1699543573480337665 1699543573485290533
1699543573485310300 1699543573490472901
1699543573490486617 1699543573495549531
1699543573495567876 1699543573502485616
1699543573502531352 1699543573508374041
1699543573508407594 1699543573513757507
1699543573513772005 1699543573519316243
1699543573519365776 1699543573524757808
1699543573524789768 1699543573530023754
1699543573530053911 1699543573535200793
1699543573535220119 1699543573540430029
1699543573540455497 1699543573545630241
1699543573545657523 1699543573550777104
1699543573550792182 1699543573555870765
1699543573555887907 1699543573560930283
1699543573560960660 1699543573566118803
1699543573566144512 1699543573571324365
1699543573571359111 1699543573576354768
1699543573576382711 1699543573581414697
1699543573581444744 1699543573586434660
1699543573586452855 1699543573591684025
1699543573591714422 1699543573596975328
1699543573597090024 1699543573602830922
1699543573602929227 1699543573608324435
1699543573608351005 1699543573613534425
1699543573613645374 1699543573619411470
1699543573619539560 1699543573625176463
1699543573625320824 1699543573630695304
1699543573630824507 1699543573636138042
1699543573636218684 1699543573641375935
1699543573641479690 1699543573647078511
1699543573647203295 1699543573652720172
1699543573652803789 1699543573658038897
1699543573658132793 1699543573663173687
1699543573663301687 1699543573668726882
1699543573668764773 1699543573673975835
1699543573674075953 1699543573679409868
1699543573679433272 1699543573684702273
1699543573684859298 1699543573690129451
1699543573690201116 1699543573695314054
1699543573695439950 1699543573700674848
1699543573700771309 1699543573705195202
1699543573705385560 1699543573710481736
1699543573710509639 1699543573715634259
1699543573715668784 1699543573720593669
1699543573720706901 1699543573726052737
1699543573726144479 1699543573731510574
1699543573731605241 1699543573736673235
1699543573736692782 1699543573742012318
1699543573742145929 1699543573747476396
1699543573747583377 1699543573752595866
1699543573752712275 1699543573757877241
1699543573757965537 1699543573763003695
1699543573763121857 1699543573768465078
1699543573768545839 1699543573773871898
1699543573773887818 1699543573779225899
1699543573779374708 1699543573784607241
1699543573784740742 1699543573790159966
1699543573790296663 1699543573795662096
1699543573795730995 1699543573802603730
1699543573802759112 1699543573808384874
1699543573808478249 1699543573813961613
1699543573814054067 1699543573819375537
1699543573819487879 1699543573825139358
1699543573825248103 1699543573830578720
1699543573830680451 1699543573836062214
1699543573836072544 1699543573841742249
1699543573841874738 1699543573847015357
1699543573847128851 1699543573852322751
1699543573852431024 1699543573857825481
1699543573857840690 1699543573863496940
1699543573863544900 1699543573868816887
1699543573868963422 1699543573874034231
1699543573874191887 1699543573879639604
1699543573879662357 1699543573884709962
1699543573884724559 1699543573889944509
1699543573889970708 1699543573895301085
1699543573895330740 1699543573902387992
1699543573902415313 1699543573907575340
1699543573907595548 1699543573912984184
1699543573913022697 1699543573918378291
1699543573918408788 1699543573923754985
1699543573923787206 1699543573929222990
1699543573929243348 1699543573934721473
1699543573934748944 1699543573939991125
1699543573940018907 1699543573945403356
1699543573945435306 1699543573950549456
1699543573950567069 1699543573955952159
1699543573955970653 1699543573961025222
1699543573961085936 1699543573966454114
1699543573966480664 1699543573970951084
1699543573970983596 1699543573976243720
1699543573976277193 1699543573981616246
1699543573981634260 1699543573986859549
1699543573986878976 1699543573991853714
1699543573991874513 1699543573997063574
1699543573997091887 1699543574003988698
1699543574004014587 1699543574009756567
1699543574009770273 1699543574015450677
1699543574015482847 1699543574020944961
1699543574020960290 1699543574026136337
1699543574026165913 1699543574031581219
1699543574031600355 1699543574036787933
1699543574036825544 1699543574042144730
1699543574042162454 1699543574047347257
1699543574047381882 1699543574052519135
1699543574052550855 1699543574058083832
1699543574058099331 1699543574063211768
1699543574063242756 1699543574068622336
1699543574068689622 1699543574074048904
1699543574074071636 1699543574079274523
1699543574079309168 1699543574084381770
1699543574084400876 1699543574089579769
1699543574089589988 1699543574094810418
1699543574094853289 1699543574100074490
1699543574100092844 1699543574105522447
1699543574105553476 1699543574111056958
1699543574111094489 1699543574116629069
1699543574116682880 1699543574122592064
1699543574122693315 1699543574127827613
1699543574127835097 1699543574133142481
1699543574133159633 1699543574138440266
1699543574138456657 1699543574144126772
1699543574144156267 1699543574149561855
1699543574149606499 1699543574154857397
1699543574154899796 1699543574160159671
1699543574160192633 1699543574165326761
1699543574165342110 1699543574170547091
1699543574170602635 1699543574175604624
1699543574175622518 1699543574180852205
1699543574180882542 1699543574186067496
1699543574186084068 1699543574191328222
1699543574191361675 1699543574196498788
1699543574196608585 1699543574201671478
1699543574201703278 1699543574206854709
1699543574206957162 1699543574211880934
1699543574211906192 1699543574216927066
1699543574217016515 1699543574222020789
1699543574222036148 1699543574227135069
1699543574227247521 1699543574232508236
1699543574232635145 1699543574237644138
1699543574237663083 1699543574242881630
1699543574243000674 1699543574248200184
1699543574248222426 1699543574253326998
1699543574253430443 1699543574258438104
1699543574258455446 1699543574263500306
1699543574263530793 1699543574268637179
1699543574268655113 1699543574273863650
1699543574273985950 1699543574279142581
1699543574279222852 1699543574284360276
1699543574284499728 1699543574289692466
1699543574289784428 1699543574294935498
1699543574294948813 1699543574300242121
1699543574300351135 1699543574306180429
1699543574306214754 1699543574311467855
1699543574311661980 1699543574316896046
1699543574317150233 1699543574322503564
1699543574322522990 1699543574326648883
1699543574326723534 1699543574332083075
1699543574332175899 1699543574337307031
1699543574337405687 1699543574342499520
1699543574342589940 1699543574347654116
1699543574347742582 1699543574352897329
1699543574352940239 1699543574358725742
1699543574358898717 1699543574364186764
1699543574364206772 1699543574369490961
1699543574369584377 1699543574374828601
1699543574374859880 1699543574380081993
1699543574380115296 1699543574385320428
1699543574385467925 1699543574390719153
1699543574390853896 1699543574396065108
1699543574396285913 1699543574402142409
1699543574402187885 1699543574408949301
1699543574409010155 1699543574414548502
1699543574414563230 1699543574420098411
1699543574420128898 1699543574425542021
1699543574425556719 1699543574431290834
1699543574431359032 1699543574437021633
1699543574437044436 1699543574442338725
1699543574442373370 1699543574447519320
1699543574447571388 1699543574452945777
1699543574452968981 1699543574458084474
1699543574458094492 1699543574463236456
1699543574463269077 1699543574468406070
1699543574468417461 1699543574473674370
1699543574473714706 1699543574478958119
1699543574478978738 1699543574484158321
1699543574484186324 1699543574489679306
1699543574489710354 1699543574494938560
1699543574494954810 1699543574500174048
1699543574500201149 1699543574505129019
1699543574505150339 1699543574510320745
1699543574510339971 1699543574515446578
1699543574515461105 1699543574521108658
1699543574521128425 1699543574526404840
1699543574526478959 1699543574530763300
1699543574530799057 1699543574536659540
1699543574536692623 1699543574542494705
1699543574542507950 1699543574548517473
1699543574548533734 1699543574553975440
1699543574554002491 1699543574559480204
1699543574559512064 1699543574565240178
1699543574565292386 1699543574571027914
1699543574571064894 1699543574576283982
1699543574576296656 1699543574581508570
1699543574581535971 1699543574586866518
1699543574586893599 1699543574592703697
1699543574592724286 1699543574597807859
1699543574597827246 1699543574602030203
1699543574602061422 1699543574608753568
1699543574608783744 1699543574614388076
1699543574614417932 1699543574619797441
1699543574619819272 1699543574625136284
1699543574625160329 1699543574630692424
1699543574630732710 1699543574636300864
1699543574636334678 1699543574641735557
1699543574641766505 1699543574647045114
1699543574647066895 1699543574652290341
1699543574652318554 1699543574657646776
1699543574657745913 1699543574663203138
1699543574663250688 1699543574668592917
1699543574668616080 1699543574674242824
1699543574674388237 1699543574679469776
1699543574679608486 1699543574684799301
1699543574684910630 1699543574690137923
1699543574690297243 1699543574695487155
1699543574695610537 1699543574700750426
1699543574700867857 1699543574705118124
1699543574705226978 1699543574712092620
1699543574712190273 1699543574717400976
1699543574717488340 1699543574722737444
1699543574722885191 1699543574728189649
1699543574728299205 1699543574733312215
1699543574733445145 1699543574737895779
1699543574737926677 1699543574743328168
1699543574743418397 1699543574748693269
1699543574748784731 1699543574754047821
1699543574754105820 1699543574759410158
1699543574759485329 1699543574764593178
1699543574764712702 1699543574769063518
1699543574769175599 1699543574774257338
1699543574774376863 1699543574779652507
1699543574779773384 1699543574784875211
1699543574785021937 1699543574790110970
1699543574790258818 1699543574795475482
1699543574795516348 1699543574800673329
1699543574800760302 1699543574806058368
1699543574806182301 1699543574813301239
1699543574813622943 1699543574819792637
1699543574819823095 1699543574825369086
1699543574825499081 1699543574831469340
1699543574831521939 1699543574836781382
1699543574836800889 1699543574842194765
1699543574842219892 1699543574847439921
1699543574847464437 1699543574852845680
1699543574852889923 1699543574858219789
1699543574858240748 1699543574863562298
1699543574863606902 1699543574868827182
1699543574868875302 1699543574874683627
1699543574874726357 1699543574880686067
1699543574880746000 1699543574886068090
1699543574886115980 1699543574891509536
1699543574891537889 1699543574896894295
1699543574896917549 1699543574901930399
1699543574901948693 1699543574907007529
1699543574907035392 1699543574913369805
1699543574913399831 1699543574918840165
1699543574918870843 1699543574924359247
1699543574924438826 1699543574929838833
1699543574929939232 1699543574935279147
1699543574935313962 1699543574940652294
1699543574940683763 1699543574946293956
1699543574946341084 1699543574951732646
1699543572792335718 1699543572802620916
1699543572802688162 1699543572808915314
1699543572808997078 1699543572814966606
1699543572815001972 1699543572820528097
1699543572820611954 1699543572825990973
1699543572826028353 1699543572831350805
1699543572831386231 1699543572836873252
1699543572836934327 1699543572842177330
1699543572842218908 1699543572847430942
1699543572847478562 1699543572852716735
1699543572852750248 1699543572857927346
1699543572857980246 1699543572863247384
1699543572863300173 1699543572868684361
1699543572868737471 1699543572873827836
1699543572873891025 1699543572879154856
1699543572879234246 1699543572884577296
1699543572884621419 1699543572889871806
1699543572889935986 1699543572895141198
1699543572895184490 1699543572902231993
1699543572902263031 1699543572907398451
1699543572907415463 1699543572912664658
1699543572912734308 1699543572917871713
1699543572917911868 1699543572922968260
1699543572923002574 1699543572928474777
1699543572928524942 1699543572933664951
1699543572933719964 1699543572938725390
1699543572938790042 1699543572944081716
1699543572944110991 1699543572949264184
1699543572949303679 1699543572954338961
1699543572954393744 1699543572959422123
1699543572959446719 1699543572964397823
1699543572964450142 1699543572969664350
1699543572969741595 1699543572974850466
1699543572974937580 1699543572980051990
1699543572980165123 1699543572985306905
1699543572985437330 1699543572990951692
1699543572991036602 1699543572995098696
1699543572995216527 1699543573001994905
1699543573002173380 1699543573007347623
1699543573007467368 1699543573012536314
1699543573012769292 1699543573018102985
1699543573018139543 1699543573023537507
1699543573023644678 1699543573028687946
1699543573028775751 1699543573033943983
1699543573034032820 1699543573038906007
1699543573039000515 1699543573044277341
1699543573044327505 1699543573049399727
1699543573049516867 1699543573054750572
1699543573054859246 1699543573059138157
1699543573059255468 1699543573064482149
1699543573064597817 1699543573070744076
1699543573070837462 1699543573075990816
1699543573076102596 1699543573081325721
1699543573081543240 1699543573086812111
1699543573086895007 1699543573092058901
1699543573092123653 1699543573097180245
1699543573097290382 1699543573102534316
1699543573102648721 1699543573107955363
1699543573108091038 1699543573113170283
1699543573113275220 1699543573118576582
1699543573118708170 1699543573123517237
1699543573123625129 1699543573128863253
1699543573129002455 1699543573133938270
1699543573134035943 1699543573139219935
1699543573139322678 1699543573144569648
1699543573144683352 1699543573149711430
1699543573149817820 1699543573155077304
1699543573155191909 1699543573160345133
1699543573160466120 1699543573166178395
1699543573166311445 1699543573171309888
1699543573171425625 1699543573176456248
1699543573176574080 1699543573181742092
1699543573181855605 1699543573187483551
1699543573187639364 1699543573192993354
1699543573193015206 1699543573198382272
1699543573198470968 1699543573203502603
1699543573203626266 1699543573208659915
1699543573208793957 1699543573213641696
1699543573213750310 1699543573218773310
1699543573218966834 1699543573224181132
1699543573224263637 1699543573229573866
1699543573229713739 1699543573234828641
1699543573234922888 1699543573240295404
1699543573240329608 1699543573245579594
1699543573245610482 1699543573251397216
1699543573251449825 1699543573256877103
1699543573256907410 1699543573262409179
1699543573262500461 1699543573267771917
1699543573267888045 1699543573273207261
1699543573273305996 1699543573278468979
1699543573278585949 1699543573283869337
1699543573283979805 1699543573289490680
1699543573289642826 1699543573294926876
1699543573294974124 1699543573301891824
1699543573302027610 1699543573307098368
1699543573307193557 1699543573312555773
1699543573312686349 1699543573318186825
1699543573318259451 1699543573323995281
1699543573324164709 1699543573328844553
1699543573328919925 1699543573334531740
1699543573334586804 1699543573340677038
1699543573340809277 1699543573346182534
1699543573346299394 1699543573351450804
1699543573351568555 1699543573357063151
1699543573357177706 1699543573362169968
1699543573362291877 1699543573367606393
1699543573367741056 1699543573373103714
1699543573373120625 1699543573378417519
1699543573378630139 1699543573383931110
1699543573384041237 1699543573389517288
1699543573389608108 1699543573394675411
1699543573394783945 1699543573401414695
1699543573401532156 1699543573406981606
1699543573407088507 1699543573412392184
1699543573412483495 1699543573417592757
1699543573417705889 1699543573423004797
1699543573423015086 1699543573428177778
1699543573428329593 1699543573433765799
1699543573433798009 1699543573438041413
1699543573438143605 1699543573443634283
1699543573443741615 1699543573448957326
1699543573449068625 1699543573454259580
1699543573454369647 1699543573459618210
1699543573459730521 1699543573464918250
1699543573465005183 1699543573470100849
1699543573470117099 1699543573475375961
1699543573475491007 1699543573480447913
1699543573480557338 1699543573485691196
1699543573485818966 1699543573491243760
1699543573491357243 1699543573496913494
1699543573496963659 1699543573502406988
1699543573502436143 1699543573508113652
1699543573508240410 1699543573513768528
1699543573513898212 1699543573519304561
1699543573519366177 1699543573523630490
1699543573523664294 1699543573528768335
1699543573528854777 1699543573533937519
1699543573533966724 1699543573539268517
1699543573539315886 1699543573544369923
1699543573544458560 1699543573549643153
1699543573549821558 1699543573554845248
1699543573554927072 1699543573560087569
1699543573560189631 1699543573565318750
1699543573565427033 1699543573570582852
1699543573570667611 1699543573575708424
1699543573575742407 1699543573580768713
1699543573580868491 1699543573585967953
1699543573586107195 1699543573591647085
1699543573591699403 1699543573596087530
1699543573596173872 1699543573602900953
1699543573603010840 1699543573608390489
1699543573608521014 1699543573613696219
1699543573613842314 1699543573619562734
1699543573619593892 1699543573624837606
1699543573624959215 1699543573630693029
1699543573630823745 1699543573636118035
1699543573636251976 1699543573641466505
1699543573641561003 1699543573646885198
1699543573646900857 1699543573652197721
1699543573652342633 1699543573657517056
1699543573657567631 1699543573662733880
1699543573662874044 1699543573669203267
1699543573669456292 1699543573675114525
1699543573675223250 1699543573680422841
1699543573680556402 1699543573685762355
1699543573685884103 1699543573690900490
1699543573691006209 1699543573696087908
1699543573696223984 1699543573702675077
1699543573702691107 1699543573707982059
1699543573708083941 1699543573713178504
1699543573713288731 1699543573718322901
1699543573718442366 1699543573723709103
1699543573723801316 1699543573729351607
1699543573729470370 1699543573734663278
1699543573734781230 1699543573739850716
1699543573739966654 1699543573745625007
1699543573745730185 1699543573751007231
1699543573751019865 1699543573756179240
1699543573756288746 1699543573761386656
1699543573761416883 1699543573766586097
1699543573766678540 1699543573771884954
1699543573771973771 1699543573777071380
1699543573777194541 1699543573782500012
1699543573782622512 1699543573788144448
1699543573788287938 1699543573792673930
1699543573792851825 1699543573798287730
1699543573798308860 1699543573803495486
1699543573803617676 1699543573808776319
1699543573808789815 1699543573814169294
1699543573814333262 1699543573819783013
1699543573819795396 1699543573825249886
1699543573825269413 1699543573830713102
1699543573830834120 1699543573836547837
1699543573836679605 1699543573842043515
1699543573842143302 1699543573847404920
1699543573847519094 1699543573852852616
1699543573852971861 1699543573858277401
1699543573858289874 1699543573863517589
1699543573863707165 1699543573868136628
1699543573868171604 1699543573873218748
1699543573873276767 1699543573879052140
1699543573879067519 1699543573884007372
1699543573884019494 1699543573889688107
1699543573889713585 1699543573895302598
1699543573895329708 1699543573902467281
1699543573902501255 1699543573907506962
1699543573907526148 1699543573912901208
1699543573912929151 1699543573918399350
1699543573918435488 1699543573923865573
1699543573923909325 1699543573929303862
1699543573929352674 1699543573934482193
1699543573934533349 1699543573939717130
1699543573939748619 1699543573944889721
1699543573944917633 1699543573950046992
1699543573950079884 1699543573955490000
1699543573955508124 1699543573960773158
1699543573960801120 1699543573966104036
1699543573966117161 1699543573971349183
1699543573971372416 1699543573976560125
1699543573976580343 1699543573981876015
1699543573981911852 1699543573987359288
1699543573987378855 1699543573992836531
1699543573992848704 1699543573998140598
1699543573998197074 1699543574004018955
1699543574004067877 1699543574009730929
1699543574009765514 1699543574015180369
1699543574015209323 1699543574020359341
1699543574020393575 1699543574025645665
1699543574025697222 1699543574030841900
1699543574030955634 1699543574036158300
1699543574036269529 1699543574041267502
1699543574041291537 1699543574046617445
1699543574046629728 1699543574051792380
1699543574051938775 1699543574057029641
1699543574057125792 1699543574062351752
1699543574062391096 1699543574067607268
1699543574067617577 1699543574072910785
1699543574073002317 1699543574078248285
1699543574078293460 1699543574083428599
1699543574083501827 1699543574088917364
1699543574088954654 1699543574094846756
1699543574094959168 1699543574100234871
1699543574100251863 1699543574105665817
1699543574105692196 1699543574111131248
1699543574111249430 1699543574116629209
1699543574116741000 1699543574122264278
1699543574122384094 1699543574127682801
1699543574127793689 1699543574133220457
1699543574133273768 1699543574137624493
1699543574137754878 1699543574143191124
1699543574143614219 1699543574149449133
1699543574149587002 1699543574155118998
1699543574155196844 1699543574160692502
1699543574160709684 1699543574166064698
1699543574166189402 1699543574171683185
1699543574171828899 1699543574177359973
1699543574177372987 1699543574182822729
1699543574182992147 1699543574188489858
1699543574188581190 1699543574193750624
1699543574193781151 1699543574198884672
1699543574198961606 1699543574205163741
1699543574205308964 1699543574210540074
1699543574210659519 1699543574215865592
1699543574215977973 1699543574221212289
1699543574221309252 1699543574226520795
1699543574226651240 1699543574232021682
1699543574232188105 1699543574237494887
1699543574237521698 1699543574242807460
1699543574242835353 1699543574247901403
1699543574248045894 1699543574253328181
1699543574253389826 1699543574258504178
1699543574258545335 1699543574263752831
1699543574263864951 1699543574269030979
1699543574269108545 1699543574274208138
1699543574274295913 1699543574279544667
1699543574279649323 1699543574284913485
1699543574284932230 1699543574289986628
1699543574290138624 1699543574295109505
1699543574295128250 1699543574300284440
1699543574300305740 1699543574305905072
1699543574305953683 1699543574311444000
1699543574311467895 1699543574316787602
1699543574316892800 1699543574322155951
1699543574322236001 1699543574327499592
1699543574327563843 1699543574333011349
1699543574333024163 1699543574338371672
1699543574338462122 1699543574343844277
1699543574343975273 1699543574349113578
1699543574349227352 1699543574355016922
1699543574355155773 1699543574360267108
1699543574360286295 1699543574365538484
1699543574365635867 1699543574370600637
1699543574370706465 1699543574375772876
1699543574375844440 1699543574380950405
1699543574381054200 1699543574386164634
1699543574386180303 1699543574391169429
1699543574391289605 1699543574396556572
1699543574396639368 1699543574402089049
1699543574402216268 1699543574408853110
1699543574408984587 1699543574414545887
1699543574414744941 1699543574420408895
1699543574420429343 1699543574425694618
1699543574425714876 1699543574431036997
1699543574431086089 1699543574436516935
1699543574436545298 1699543574441729450
1699543574441773663 1699543574447392251
1699543574447423560 1699543574452730663
1699543574452760128 1699543574457881362
1699543574457896971 1699543574463020530
1699543574463085692 1699543574468520745
1699543574468563496 1699543574473658179
1699543574473733501 1699543574478731333
1699543574478765938 1699543574484017987
1699543574484062401 1699543574489709853
1699543574489730201 1699543574494719087
1699543574494738093 1699543574499875657
1699543574499896827 1699543574504881844
1699543574504913263 1699543574510035539
1699543574510074452 1699543574515231113
1699543574515278432 1699543574520738262
1699543574520794998 1699543574526007253
1699543574526057988 1699543574531790751
1699543574531832279 1699543574537010810
1699543574537041719 1699543574542516316
1699543574542538187 1699543574548239831
1699543574548270419 1699543574553775344
1699543574553788439 1699543574559488761
1699543574559507616 1699543574564976833
1699543574565072974 1699543574570610991
1699543574570640897 1699543574575971585
1699543574575990971 1699543574581150186
1699543574581180062 1699543574586361258
1699543574586423505 1699543574592159003
1699543574592194330 1699543574597226487
1699543574597283945 1699543574602778971
1699543574602825678 1699543574609076995
1699543574609115037 1699543574614725780
1699543574614759494 1699543574619910073
1699543574619940931 1699543574625800752
1699543574625856337 1699543574631121290
1699543574631169802 1699543574636709853
1699543574636759336 1699543574641948958
1699543574641971780 1699543574647157866
1699543574647199825 1699543574652738573
1699543574652763470 1699543574658008947
1699543574658026951 1699543574663266347
1699543574663330087 1699543574668920302
1699543574668948064 1699543574674283790
1699543574674306183 1699543574679411446
1699543574679446712 1699543574684612019
1699543574684647866 1699543574690046021
1699543574690063814 1699543574695376577
1699543574695408026 1699543574700471552
1699543574700510064 1699543574705784566
1699543574705844739 1699543574711875372
1699543574711929704 1699543574717231267
1699543574717312359 1699543574722249617
1699543574722295042 1699543574727346465
1699543574727380849 1699543574732615336
1699543574732649139 1699543574737821660
1699543574737882144 1699543574742981256
1699543574743020960 1699543574748122036
1699543574748140521 1699543574753258758
1699543574753326015 1699543574758636163
1699543574758670758 1699543574763917648
1699543574763965278 1699543574769300884
1699543574769349025 1699543574774851405
1699543574774869218 1699543574780133361
1699543574780992215 1699543574786524571
1699543574786568173 1699543574791735623
1699543574791776841 1699543574796879390
1699543574796915938 1699543574802194217
1699543574802223452 1699543574807453600
1699543574807503814 1699543574813663870
1699543574813676313 1699543574819479118
1699543574819507251 1699543574825551168
1699543574825575154 1699543574831461345
1699543574831501510 1699543574837131500
1699543574837150516 1699543574842431299
1699543574842465704 1699543574846847177
1699543574846902351 1699543574852296608
1699543574852330071 1699543574857639188
1699543574857697858 1699543574863129635
1699543574863159641 1699543574868656341
1699543574868685946 1699543574874874285
1699543574874899903 1699543574879067155
1699543574879093084 1699543574884438538
1699543574884479054 1699543574889753045
1699543574889802728 1699543574895317913
1699543574895353650 1699543574900974833
1699543574901004309 1699543574906520895
1699543574906548647 1699543574913450106
1699543574913485963 1699543574919009373
1699543574919037366 1699543574924286340
1699543574924323269 1699543574929704521
1699543574929736902 1699543574935599779
1699543574935634254 1699543574941081461
1699543574941110515 1699543574946302512
1699543574946341826 1699543574951643859
1699543574951682462 1699543574956677007
1699543572792405540 1699543572803031718
1699543572803127868 1699543572809388814
1699543572809464667 1699543572815365235
1699543572815396494 1699543572819981950
1699543572820005174 1699543572825300395
1699543572825318719 1699543572831223445
1699543572831281514 1699543572837092173
1699543572837136316 1699543572842405378
1699543572842454481 1699543572847593598
1699543572847650495 1699543572852910679
1699543572852925297 1699543572858650195
1699543572858680552 1699543572863807597
1699543572863829498 1699543572869374327
1699543572869575596 1699543572874850177
1699543572874870285 1699543572880211242
1699543572880238733 1699543572886035116
1699543572886054903 1699543572891361956
1699543572891383276 1699543572896627471
1699543572896654292 1699543572902184604
1699543572902239557 1699543572907455318
1699543572907503248 1699543572913151873
1699543572913182761 1699543572918505574
1699543572918542694 1699543572924001231
1699543572924033852 1699543572929348860
1699543572929361343 1699543572934421542
1699543572934465104 1699543572939650429
1699543572939665748 1699543572945038844
1699543572945073790 1699543572950269073
1699543572950296464 1699543572955476799
1699543572955508389 1699543572960790304
1699543572960817565 1699543572966252829
1699543572966296261 1699543572971762282
1699543572971771931 1699543572977072311
1699543572977092820 1699543572982606741
1699543572982633752 1699543572987836509
1699543572987855655 1699543572993580763
1699543572993593768 1699543572998946957
1699543572998961294 1699543573004245063
1699543573004267625 1699543573009475372
1699543573009505338 1699543573014476921
1699543573014498331 1699543573019382108
1699543573019407877 1699543573024473977
1699543573024493654 1699543573029735835
1699543573029777493 1699543573034897194
1699543573034975451 1699543573040510001
1699543573040552601 1699543573046503915
1699543573046545934 1699543573051977721
1699543573052009691 1699543573057752824
1699543573057781678 1699543573062963455
1699543573063001056 1699543573067102714
1699543573067139122 1699543573072883156
1699543573072910818 1699543573078122993
1699543573078158660 1699543573083573195
1699543573083605034 1699543573089118676
1699543573089161306 1699543573094429256
1699543573094459172 1699543573101078881
1699543573101123325 1699543573106673444
1699543573106704082 1699543573112174602
1699543573112193167 1699543573117592062
1699543573117613472 1699543573123059547
1699543573123091917 1699543573128277873
1699543573128298973 1699543573133456354
1699543573133482313 1699543573138961138
1699543573138977700 1699543573144243135
1699543573144266258 1699543573149553704
1699543573149570926 1699543573154925108
1699543573154947610 1699543573159996137
1699543573160024510 1699543573164140445
1699543573164187273 1699543573169324637
1699543573169360334 1699543573174354268
1699543573174378143 1699543573179426761
1699543573179455404 1699543573184592498
1699543573184624118 1699543573189820462
1699543573189834378 1699543573195115362
1699543573195136262 1699543573202157095
1699543573202188885 1699543573207691495
1699543573207725629 1699543573212979281
1699543573213009077 1699543573218664886
1699543573218695414 1699543573224011333
1699543573224044515 1699543573229266448
1699543573229286135 1699543573234493351
1699543573234511796 1699543573240026338
1699543573240043711 1699543573245570737
1699543573245601875 1699543573251085951
1699543573251117059 1699543573256517427
1699543573256551642 1699543573261865297
1699543573261894653 1699543573267303877
1699543573267332110 1699543573272771472
1699543573272802470 1699543573278092762
1699543573278143738 1699543573283771333
1699543573283802261 1699543573289374983
1699543573289407534 1699543573294653742
1699543573294673530 1699543573301597872
1699543573301627237 1699543573306873135
1699543573306903442 1699543573312620154
1699543573312861548 1699543573318604810
1699543573318635739 1699543573324041377
1699543573324089638 1699543573329786904
1699543573329815067 1699543573335009518
1699543573335057408 1699543573339467726
1699543573339539100 1699543573345211760
1699543573345243069 1699543573350913134
1699543573350946296 1699543573356339741
1699543573356373945 1699543573361859384
1699543573361878750 1699543573367537384
1699543573367563453 1699543573372955395
1699543573372974611 1699543573378236779
1699543573378272627 1699543573383479782
1699543573383509538 1699543573388864501
1699543573388954190 1699543573394164070
1699543573394181683 1699543573399543048
1699543573399579998 1699543573404676234
1699543573404697444 1699543573409689575
1699543573409723328 1699543573414956002
1699543573415012668 1699543573420217589
1699543573420254488 1699543573425656109
1699543573425697396 1699543573429825705
1699543573429853347 1699543573435055642
1699543573435090979 1699543573440148412
1699543573440269009 1699543573445541367
1699543573445600839 1699543573450490888
1699543573450533448 1699543573455658940
1699543573455699967 1699543573460748334
1699543573460803227 1699543573465890386
1699543573465924591 1699543573471113251
1699543573471159207 1699543573476319194
1699543573476342568 1699543573481413357
1699543573481431852 1699543573486475399
1699543573486504304 1699543573491944907
1699543573491972689 1699543573497232614
1699543573497286606 1699543573502717953
1699543573502746366 1699543573508111939
1699543573508132587 1699543573513364930
1699543573513418611 1699543573518754718
1699543573518788341 1699543573524256116
1699543573524287264 1699543573529471065
1699543573529507163 1699543573534793087
1699543573534825798 1699543573539969113
1699543573539985815 1699543573545375533
1699543573545402904 1699543573550419592
1699543573550436724 1699543573555749798
1699543573555842292 1699543573561053184
1699543573561066940 1699543573566242816
1699543573566256893 1699543573571455872
1699543573571464368 1699543573576684317
1699543573576780348 1699543573581843112
1699543573581995829 1699543573587033385
1699543573587123645 1699543573592434375
1699543573592514565 1699543573597831127
1699543573597913972 1699543573603407145
1699543573603441970 1699543573608704018
1699543573608821289 1699543573613981615
1699543573613994690 1699543573619269513
1699543573619338062 1699543573624688666
1699543573624749450 1699543573629927331
1699543573630051424 1699543573635556139
1699543573635652740 1699543573641411552
1699543573641608973 1699543573647116232
1699543573647201512 1699543573652706527
1699543573652761139 1699543573658083270
1699543573658197876 1699543573663498848
1699543573663629673 1699543573668844393
1699543573669330516 1699543573675011241
1699543573675097263 1699543573680213357
1699543573680252010 1699543573685261914
1699543573685404021 1699543573690656151
1699543573690742363 1699543573696128244
1699543573696223392 1699543573702744577
1699543573702833354 1699543573706823432
1699543573706930233 1699543573711860608
1699543573711982797 1699543573717068775
1699543573717180815 1699543573722217610
1699543573722350279 1699543573727599794
1699543573727692539 1699543573732848498
1699543573732974885 1699543573737911011
1699543573738030455 1699543573742925344
1699543573743032986 1699543573748112922
1699543573748164139 1699543573752953869
1699543573753002571 1699543573758225505
1699543573758275660 1699543573763316122
1699543573763341209 1699543573768505814
1699543573768552061 1699543573774050473
1699543573774102411 1699543573779449198
1699543573779502829 1699543573784663327
1699543573784740702 1699543573790223064
1699543573790267608 1699543573795629284
1699543573795664821 1699543573802761336
1699543573802804968 1699543573808332115
1699543573808364536 1699543573813669865
1699543573813724127 1699543573819146818
1699543573819191922 1699543573824336370
1699543573824377006 1699543573829597406
1699543573829654653 1699543573835149559
1699543573835203481 1699543573840413602
1699543573840465099 1699543573845688384
1699543573845731886 1699543573851030943
1699543573851055019 1699543573856247015
1699543573856284546 1699543573861599223
1699543573861636263 1699543573866960759
1699543573866999892 1699543573872236192
1699543573872288721 1699543573877659573
1699543573877674642 1699543573882761280
1699543573882803830 1699543573887999283
1699543573888017888 1699543573892970155
1699543573892984862 1699543573898309869
1699543573898329435 1699543573903724464
1699543573903744071 1699543573908804430
1699543573908821522 1699543573914130989
1699543573914150105 1699543573919223178
1699543573919267151 1699543573924555179
1699543573924591627 1699543573929789344
1699543573929827676 1699543573935113880
1699543573935132174 1699543573940193545
1699543573940213583 1699543573945504276
1699543573945590217 1699543573950631701
1699543573950649174 1699543573955764416
1699543573955797758 1699543573960926977
1699543573960966231 1699543573966260150
1699543573966298381 1699543573971515655
1699543573971529151 1699543573976829200
1699543573976852163 1699543573982053258
1699543573982079968 1699543573987457202
1699543573987468103 1699543573992689364
1699543573992737284 1699543573997847988
1699543573997866152 1699543574004089327
1699543574004119504 1699543574009775372
1699543574009820297 1699543574015565012
1699543574015597994 1699543574021187738
1699543574021203477 1699543574026478290
1699543574026515270 1699543574031798257
1699543574031818094 1699543574037006654
1699543574037075925 1699543574042193021
1699543574042208240 1699543574047523628
1699543574047544557 1699543574053045915
1699543574053065712 1699543574058280712
1699543574058314385 1699543574062614596
1699543574062657968 1699543574067945804
1699543574067986831 1699543574073182365
1699543574073219475 1699543574078282008
1699543574078320561 1699543574083623345
1699543574083632763 1699543574088862581
1699543574088884743 1699543574094535932
1699543574094563484 1699543574099632960
1699543574099651174 1699543574105484676
1699543574105539319 1699543574111118163
1699543574111153089 1699543574116564408
1699543574116586139 1699543574121861582
1699543574121912548 1699543574127466164
1699543574127483236 1699543574132920313
1699543574132937406 1699543574138487605
1699543574138504417 1699543574144133404
1699543574144172558 1699543574149509807
1699543574149554151 1699543574155242691
1699543574155299016 1699543574160865076
1699543574160878542 1699543574166079315
1699543574166198479 1699543574171797490
1699543574171816887 1699543574177199030
1699543574177218317 1699543574182625207
1699543574182655043 1699543574187915028
1699543574187931840 1699543574193149905
1699543574193198116 1699543574198507403
1699543574198642296 1699543574205114018
1699543574205231960 1699543574210424958
1699543574210518845 1699543574216016746
1699543574216113568 1699543574221347724
1699543574221427744 1699543574226565619
1699543574226684653 1699543574232053772
1699543574232145424 1699543574237689483
1699543574237765666 1699543574241935141
1699543574242058593 1699543574247234730
1699543574247361628 1699543574252667529
1699543574252781673 1699543574257916002
1699543574258054513 1699543574263209960
1699543574263324896 1699543574268753317
1699543574268873223 1699543574274077622
1699543574274177761 1699543574279336525
1699543574279445129 1699543574284645081
1699543574284754026 1699543574289858498
1699543574289985436 1699543574295218400
1699543574295291157 1699543574300314457
1699543574300441726 1699543574305880245
1699543574305964063 1699543574311355314
1699543574311435454 1699543574316792832
1699543574316921373 1699543574322200033
1699543574322349604 1699543574327565666
1699543574327669632 1699543574332857580
1699543574332963800 1699543574338414082
1699543574338508680 1699543574343774946
1699543574343879833 1699543574349001518
1699543574349137634 1699543574355116599
1699543574355254058 1699543574359503784
1699543574359627847 1699543574364646268
1699543574364754481 1699543574369825460
1699543574369918835 1699543574374938939
1699543574375039989 1699543574380238918
1699543574380356078 1699543574385607056
1699543574385739255 1699543574390771411
1699543574390900063 1699543574396297114
1699543574396369591 1699543574401773045
1699543574401888903 1699543574408285052
1699543574408468848 1699543574414453383
1699543574414476337 1699543574420239947
1699543574420263772 1699543574425738851
1699543574425801268 1699543574430969580
1699543574430987865 1699543574436441563
1699543574436469986 1699543574441937221
1699543574441971565 1699543574447145398
1699543574447162500 1699543574452343706
1699543574452367130 1699543574457607627
1699543574457636241 1699543574462685610
1699543574462722109 1699543574468014755
1699543574468090056 1699543574473015412
1699543574473056328 1699543574478198101
1699543574478218479 1699543574483269942
1699543574483301050 1699543574488404921
1699543574488435088 1699543574493431688
1699543574493443249 1699543574498788885
1699543574498812960 1699543574503927882
1699543574503947068 1699543574509562289
1699543574509594660 1699543574514826773
1699543574514900031 1699543574520480637
1699543574520547914 1699543574525918436
1699543574525961677 1699543574531287074
1699543574531319235 1699543574536597985
1699543574536656104 1699543574542420877
1699543574542454851 1699543574548519086
1699543574548558741 1699543574554042917
1699543574554053808 1699543574559507476
1699543574559530820 1699543574564938672
1699543574564977425 1699543574571026412
1699543574571078399 1699543574576604624
1699543574576620604 1699543574581603238
1699543574581638945 1699543574587038982
1699543574587078727 1699543574592143755
1699543574592179742 1699543574597285087
1699543574597316796 1699543574602796544
1699543574602826660 1699543574609089298
1699543574609118553 1699543574614368399
1699543574614399177 1699543574619708554
1699543574619718523 1699543574625090688
1699543574625101899 1699543574630578140
1699543574630623234 1699543574636058118
1699543574636089046 1699543574641267467
1699543574641316679 1699543574646475674
1699543574646507434 1699543574651839724
1699543574651959028 1699543574657409771
1699543574657443885 1699543574662759685
1699543574662793469 1699543574668067920
1699543574668101162 1699543574673273462
1699543574673317946 1699543574678687906
1699543574678721229 1699543574684255840
1699543574684289643 1699543574689713436
1699543574689750595 1699543574694966336
1699543574694979371 1699543574700138737
1699543574700180225 1699543574705462621
1699543574705494721 1699543574712148595
1699543574712188410 1699543574717593057
1699543574717625638 1699543574721824498
1699543574721876706 1699543574726989043
1699543574727043846 1699543574732359776
1699543574732406062 1699543574737665196
1699543574737721151 1699543574742820173
1699543574742854137 1699543574748019183
1699543574748085758 1699543574753238791
1699543574753286290 1699543574758816743
1699543574758833805 1699543574763955419
1699543574764063602 1699543574769593244
1699543574769626396 1699543574775118657
1699543574775167799 1699543574781046527
1699543574781075962 1699543574786210060
1699543574786236680 1699543574791581463
1699543574791611440 1699543574796777548
1699543574796828083 1699543574802189939
1699543574802200118 1699543574807352290
1699543574807383538 1699543574813332968
1699543574813348988 1699543574819778170
1699543574819811543 1699543574825343558
1699543574825418599 1699543574830991592
1699543574831026568 1699543574836273027
1699543574836308924 1699543574842053359
1699543574842102762 1699543574847419743
1699543574847483213 1699543574852710275
1699543574852743097 1699543574858146551
1699543574858180815 1699543574863683466
1699543574863722148 1699543574869051744
1699543574869081580 1699543574873481748
1699543574873512196 1699543574878919678
1699543574878950255 1699543574884499603
1699543574884558153 1699543574889876096
1699543574889904319 1699543574895437578
1699543574895493894 1699543574900942032
1699543574900983680 1699543574906634549
1699543574906698088 1699543574913634222
1699543574913673556 1699543574919170596
1699543574919302344 1699543574924438315
1699543574924488920 1699543574930118339
1699543574930151391 1699543574935564092
1699543574935616170 1699543574941187781
1699543574941205654 1699543574946608627
1699543574946626320 1699543574951816924
1699543572792243916 1699543572803284483
1699543572803377848 1699543572809816368
1699543572809866091 1699543572816354784
1699543572816386113 1699543572821687796
1699543572821719686 1699543572827719250
1699543572827848383 1699543572833080305
1699543572833134917 1699543572838188423
1699543572838224131 1699543572843268530
1699543572843336428 1699543572848557860
1699543572848596773 1699543572853719559
1699543572853769433 1699543572859030780
1699543572859069994 1699543572864204082
1699543572864253695 1699543572869682446
1699543572869699929 1699543572874972517
1699543572875007894 1699543572880439771
1699543572880480888 1699543572885692031
1699543572885753016 1699543572891386733
1699543572891441235 1699543572896813701
1699543572896849518 1699543572902354643
1699543572902439523 1699543572907514509
1699543572907567649 1699543572912928343
1699543572912987164 1699543572918402270
1699543572918434020 1699543572923498446
1699543572923529815 1699543572928785391
1699543572928848931 1699543572934187673
1699543572934203252 1699543572939581038
1699543572939621444 1699543572945131238
1699543572945174880 1699543572950314228
1699543572950364041 1699543572955641078
1699543572955692625 1699543572960892486
1699543572960994959 1699543572966318843
1699543572966372694 1699543572971676371
1699543572971722648 1699543572977170987
1699543572977218245 1699543572982413057
1699543572982485183 1699543572987907602
1699543572987983725 1699543572993007195
1699543572993062028 1699543572998215573
1699543572998252853 1699543573003358487
1699543573003392301 1699543573008448292
1699543573008483067 1699543573013397953
1699543573013439411 1699543573018521321
1699543573018550065 1699543573022556123
1699543573022596258 1699543573027599521
1699543573027641480 1699543573032791597
1699543573032825782 1699543573037951684
1699543573037996919 1699543573042918838
1699543573042933065 1699543573047909476
1699543573047937088 1699543573053042141
1699543573053074793 1699543573059370875
1699543573059422241 1699543573064655966
1699543573064727039 1699543573070538179
1699543573070590157 1699543573076057031
1699543573076112826 1699543573081188033
1699543573081206818 1699543573086506587
1699543573086614169 1699543573092087605
1699543573092131167 1699543573096378599
1699543573096408034 1699543573101575444
1699543573101605801 1699543573106767591
1699543573106811794 1699543573111989524
1699543573112022626 1699543573117358974
1699543573117453792 1699543573122404826
1699543573122440714 1699543573127631839
1699543573127676162 1699543573132765786
1699543573132793779 1699543573137951792
1699543573137966810 1699543573143176190
1699543573143218079 1699543573148236559
1699543573148272777 1699543573153498637
1699543573153554783 1699543573159332520
1699543573159370872 1699543573164726276
1699543573164793142 1699543573170016016
1699543573170069657 1699543573175305456
1699543573175341744 1699543573180573546
1699543573180614142 1699543573185722361
1699543573185741157 1699543573190878210
1699543573190897847 1699543573196376312
1699543573196406338 1699543573202135404
1699543573202164429 1699543573207740717
1699543573207759483 1699543573213023164
1699543573213052549 1699543573218299329
1699543573218356266 1699543573223551389
1699543573223585272 1699543573228819398
1699543573228925688 1699543573234147591
1699543573234178399 1699543573239922052
1699543573239951197 1699543573245448898
1699543573245484675 1699543573251158808
1699543573251180168 1699543573256684171
1699543573256733363 1699543573262084129
1699543573262137218 1699543573267408023
1699543573267430676 1699543573272889844
1699543573272917125 1699543573278127347
1699543573278161040 1699543573283692134
1699543573283729685 1699543573289210273
1699543573289261139 1699543573294910655
1699543573294942886 1699543573301731032
1699543573301802016 1699543573307492108
1699543573307536381 1699543573312928253
1699543573312957819 1699543573318351905
1699543573318411527 1699543573323927263
1699543573323966467 1699543573329561501
1699543573329596336 1699543573335101090
1699543573335193354 1699543573339583203
1699543573339647393 1699543573345198175
1699543573345228021 1699543573350467667
1699543573350499957 1699543573355738061
1699543573355768428 1699543573360988006
1699543573361024134 1699543573366439140
1699543573366470098 1699543573371849988
1699543573371880796 1699543573377395539
1699543573377427939 1699543573382739962
1699543573382773806 1699543573388468547
1699543573388502401 1699543573393605801
1699543573393638953 1699543573398901442
1699543573398935416 1699543573404170814
1699543573404205199 1699543573409333095
1699543573409363392 1699543573414611194
1699543573414629809 1699543573419971036
1699543573419983710 1699543573425372806
1699543573425387464 1699543573430546429
1699543573430557730 1699543573435819548
1699543573435837953 1699543573440818131
1699543573440837517 1699543573446008395
1699543573446055122 1699543573451057953
1699543573451119479 1699543573456280658
1699543573456342905 1699543573461231782
1699543573461266598 1699543573466341875
1699543573466364888 1699543573471416341
1699543573471437210 1699543573476643824
1699543573476674411 1699543573481865617
1699543573481877780 1699543573486979296
1699543573486999474 1699543573492271381
1699543573492302629 1699543573497481672
1699543573497504836 1699543573502931113
1699543573502949007 1699543573508492394
1699543573508514124 1699543573514007627
1699543573514057912 1699543573519223358
1699543573519269866 1699543573524837087
1699543573524864539 1699543573530168766
1699543573530182252 1699543573535425846
1699543573535442357 1699543573540728260
1699543573540746294 1699543573546080097
1699543573546113309 1699543573551193646
1699543573551213003 1699543573556255188
1699543573556289312 1699543573561335685
1699543573561353137 1699543573566610588
1699543573566628471 1699543573571803696
1699543573571832049 1699543573576922665
1699543573576949626 1699543573582157703
1699543573582174044 1699543573587260111
1699543573587321928 1699543573592519965
1699543573592547688 1699543573597950391
1699543573597972262 1699543573603200055
1699543573603257002 1699543573608633906
1699543573608660977 1699543573613735343
1699543573613769968 1699543573619436336
1699543573619454631 1699543573625160002
1699543573625180470 1699543573630420267
1699543573630437760 1699543573635537183
1699543573635571197 1699543573641208200
1699543573641259296 1699543573646551160
1699543573646583491 1699543573651979601
1699543573651996462 1699543573657609129
1699543573657626963 1699543573662919309
1699543573662946189 1699543573668646180
1699543573668658483 1699543573674177995
1699543573674231576 1699543573679470001
1699543573679487073 1699543573684895897
1699543573684928127 1699543573690477776
1699543573690503073 1699543573695609870
1699543573695621201 1699543573702352751
1699543573702385593 1699543573707356123
1699543573707366082 1699543573712674647
1699543573712708731 1699543573717596647
1699543573717620982 1699543573722775108
1699543573722793252 1699543573728213678
1699543573728254595 1699543573733595141
1699543573733616290 1699543573739019925
1699543573739061863 1699543573744034027
1699543573744156668 1699543573749139642
1699543573749166773 1699543573754219828
1699543573754239826 1699543573759379765
1699543573759410693 1699543573764533991
1699543573764571421 1699543573769899122
1699543573769922356 1699543573774902925
1699543573774930497 1699543573780022686
1699543573780035881 1699543573785223359
1699543573785264116 1699543573790718355
1699543573790755164 1699543573796084500
1699543573796111020 1699543573802740597
1699543573802758401 1699543573808384884
1699543573808420501 1699543573814108549
1699543573814159325 1699543573819503638
1699543573819513346 1699543573825193610
1699543573825230179 1699543573830565074
1699543573830577327 1699543573835929415
1699543573835962196 1699543573841531432
1699543573841564164 1699543573846688163
1699543573846705395 1699543573852116974
1699543573852132563 1699543573857519847
1699543573857540306 1699543573863190875
1699543573863205903 1699543573868486305
1699543573868515240 1699543573874110153
1699543573874144187 1699543573879134946
1699543573879177616 1699543573884179786
1699543573884226123 1699543573889462814
1699543573889509491 1699543573894544884
1699543573894572425 1699543573899808635
1699543573899836938 1699543573905403950
1699543573905432734 1699543573910449141
1699543573910474568 1699543573915976367
1699543573916004179 1699543573921200645
1699543573921244758 1699543573926264290
1699543573926293756 1699543573931444214
1699543573931505469 1699543573936503812
1699543573936558875 1699543573941600399
1699543573941639733 1699543573946785082
1699543573946810390 1699543573951740174
1699543573951793484 1699543573956834847
1699543573956867819 1699543573961827660
1699543573961865741 1699543573965971177
1699543573966023695 1699543573971224378
1699543573971278009 1699543573976700268
1699543573976740554 1699543573982143988
1699543573982182430 1699543573987497157
1699543573987567941 1699543573992717928
1699543573992747373 1699543573998166887
1699543573998222001 1699543574003943413
1699543574003982867 1699543574009764382
1699543574009895498 1699543574015838366
1699543574015862821 1699543574021256006
1699543574021316039 1699543574026645294
1699543574026691851 1699543574032011057
1699543574032037136 1699543574037036360
1699543574037081956 1699543574042242935
1699543574042286246 1699543574047508189
1699543574047536562 1699543574052987766
1699543574053020888 1699543574058140028
1699543574058178169 1699543574063441430
1699543574063500992 1699543574068738664
1699543574068772327 1699543574073894223
1699543574073924279 1699543574079026798
1699543574079075319 1699543574084122333
1699543574084176264 1699543574089562146
1699543574089611188 1699543574093712345
1699543574093752240 1699543574098781731
1699543574098840832 1699543574105638195
1699543574105681416 1699543574111046128
1699543574111085793 1699543574116731221
1699543574116782157 1699543574122007015
1699543574122071647 1699543574127265727
1699543574127332643 1699543574132745705
1699543574132797964 1699543574138042599
1699543574138089196 1699543574143934450
1699543574143992419 1699543574149419488
1699543574149478108 1699543574155213035
1699543574155240386 1699543574160625286
1699543574160685419 1699543574166157362
1699543574166206985 1699543574171718873
1699543574171763717 1699543574177106166
1699543574177157092 1699543574182440430
1699543574182491777 1699543574188029243
1699543574188068026 1699543574193119709
1699543574193162439 1699543574198427863
1699543574198469562 1699543574204978203
1699543574205011255 1699543574210543551
1699543574210571924 1699543574215753722
1699543574215788196 1699543574221049343
1699543574221085852 1699543574226439552
1699543574226498874 1699543574231996805
1699543574232049735 1699543574237175297
1699543574237224098 1699543574242318702
1699543574242369257 1699543574247401714
1699543574247447159 1699543574252532876
1699543574252569926 1699543574257727899
1699543574257773425 1699543574262896902
1699543574262944602 1699543574268188806
1699543574268216218 1699543574273160689
1699543574273196527 1699543574278241377
1699543574278281232 1699543574283431460
1699543574283478779 1699543574288812071
1699543574288846806 1699543574293868783
1699543574293926873 1699543574299022318
1699543574299064908 1699543574305936281
1699543574305966047 1699543574311387604
1699543574311415096 1699543574316913468
1699543574317001033 1699543574322321502
1699543574322339095 1699543574327483872
1699543574327509701 1699543574332717006
1699543574332742865 1699543574337995014
1699543574338023959 1699543574343163848
1699543574343194886 1699543574348125171
1699543574348158754 1699543574353265030
1699543574353298322 1699543574358616998
1699543574358654498 1699543574364104830
1699543574364132873 1699543574369409037
1699543574369446388 1699543574374483002
1699543574374514090 1699543574379812948
1699543574379846871 1699543574385198008
1699543574385233514 1699543574390519397
1699543574390567608 1699543574396195012
1699543574396241871 1699543574401972410
1699543574402035889 1699543574409160097
1699543574409183430 1699543574414596633
1699543574414620097 1699543574420283619
1699543574420297626 1699543574425517595
1699543574425534828 1699543574431400220
1699543574431417913 1699543574436545077
1699543574436567990 1699543574442403026
1699543574442419787 1699543574446569676
1699543574446600985 1699543574451962169
1699543574451992837 1699543574457115232
1699543574457130671 1699543574462234202
1699543574462270891 1699543574467626535
1699543574467675407 1699543574472711470
1699543574472765051 1699543574477694465
1699543574477713130 1699543574482828793
1699543574482871032 1699543574488052058
1699543574488063129 1699543574493338432
1699543574493355775 1699543574498655033
1699543574498663339 1699543574503749537
1699543574503764925 1699543574509390026
1699543574509421886 1699543574514871848
1699543574514900051 1699543574520666717
1699543574520685983 1699543574526021499
1699543574526059150 1699543574531582840
1699543574531604270 1699543574536929618
1699543574536963031 1699543574542643084
1699543574542652823 1699543574548434237
1699543574548456358 1699543574553810460
1699543574553839896 1699543574559250503
1699543574559283345 1699543574564821852
1699543574564840647 1699543574571089330
1699543574571117172 1699543574575467237
1699543574575498526 1699543574580708887
1699543574580736328 1699543574585968791
1699543574585986544 1699543574591130180
1699543574591166789 1699543574596481757
1699543574596515972 1699543574602743534
1699543574602780954 1699543574608877060
1699543574608905453 1699543574614643796
1699543574614676277 1699543574619891498
1699543574619913459 1699543574625782598
1699543574625851237 1699543574631319022
1699543574631352555 1699543574636633810
1699543574636654068 1699543574641882062
1699543574641897080 1699543574647136726
1699543574647149510 1699543574652656659
1699543574652692807 1699543574658080141
1699543574658101691 1699543574663453319
1699543574663473747 1699543574668746696
1699543574668765711 1699543574673804319
1699543574673822544 1699543574679047753
1699543574679072359 1699543574684369233
1699543574684388148 1699543574689775592
1699543574689817862 1699543574695178816
1699543574695200406 1699543574700269262
1699543574700304859 1699543574705977559
1699543574706008677 1699543574712062734
1699543574712095405 1699543574717492087
1699543574717526992 1699543574722890952
1699543574722905660 1699543574728003149
1699543574728020862 1699543574733108152
1699543574733138749 1699543574738176647
1699543574738196534 1699543574743497055
1699543574743521681 1699543574748797084
1699543574748835066 1699543574753983220
1699543574754006033 1699543574759384249
1699543574759406431 1699543574764563702
1699543574764578410 1699543574769749978
1699543574769779604 1699543574774843520
1699543574774894325 1699543574781032570
1699543574781051366 1699543574786234546
1699543574786253161 1699543574791506302
1699543574791536669 1699543574796868048
1699543574796888387 1699543574802125588
1699543574802142760 1699543574807617869
1699543574807640571 1699543574813702002
1699543574813732329 1699543574819350216
1699543574819365385 1699543574825152820
1699543574825176424 1699543574830543390
1699543574830577664 1699543574835902020
1699543574835938298 1699543574841218620
1699543574841257313 1699543574846783888
1699543574846808344 1699543574852316195
1699543574852346792 1699543574857679373
1699543574857711864 1699543574863219083
1699543574863250853 1699543574869129941
1699543574869163303 1699543574874718132
1699543574874737057 1699543574880711765
1699543574880735840 1699543574885966149
1699543574885985074 1699543574891617519
1699543574891637486 1699543574896886441
1699543574896931355 1699543574902281208
1699543574902297078 1699543574907386983
1699543574907416157 1699543574913638330
1699543574913674247 1699543574919063074
1699543574919094634 1699543574924384795
1699543574924421584 1699543574929785243
1699543574929841739 1699543574935653130
1699543574935693235 1699543574941321592
1699543574941352951 1699543574946713614
