1699543579829608324 1699543579839494471
1699543579839663819 1699543579845683612
1699543579845731732 1699543579851988400
1699543579852009679 1699543579857739577
1699543579857774062 1699543579863303773
1699543579863332287 1699543579869117749
1699543579869162803 1699543579875163660
1699543579875199958 1699543579880740390
1699543579880840798 1699543579886572669
1699543579886689218 1699543579892129922
1699543579892191829 1699543579897443858
1699543579897604761 1699543579901689397
1699543579901789715 1699543579907387444
1699543579907543958 1699543579912957591
1699543579912999670 1699543579918338573
1699543579918790933 1699543579924132051
1699543579924273907 1699543579929780795
1699543579929885913 1699543579936765701
1699543579936805997 1699543579942414486
1699543579942549299 1699543579948136699
1699543579948327548 1699543579952847562
1699543579952901944 1699543579958184380
1699543579958224185 1699543579963707970
1699543579963789483 1699543579969481249
1699543579969522617 1699543579974721587
1699543579974741704 1699543579980018200
1699543579980127395 1699543579985458223
1699543579985482218 1699543579990926077
1699543579991024372 1699543579996757216
1699543579996811067 1699543580002419867
1699543580002585237 1699543580008156426
1699543580008297401 1699543580013832473
1699543580013962587 1699543580019215478
1699543580019292022 1699543580024786537
1699543580024800283 1699543580030065067
1699543580030230979 1699543580037130775
1699543580037146775 1699543580042265443
1699543580042348079 1699543580047916143
1699543580048054032 1699543580052312454
1699543580052453299 1699543580057597856
1699543580057714275 1699543580062757191
1699543580062879611 1699543580068197134
1699543580068315286 1699543580073261170
1699543580073351921 1699543580078277687
1699543580078317722 1699543580083751002
1699543580083870226 1699543580089271306
1699543580089379479 1699543580094806267
1699543580094941190 1699543580100051844
1699543580100168624 1699543580105352195
1699543580105460428 1699543580110493937
1699543580110608492 1699543580115998691
1699543580116118877 1699543580121258465
1699543580121372930 1699543580127499543
1699543580127623406 1699543580132915130
1699543580133022743 1699543580138146280
1699543580138219107 1699543580143415152
1699543580143475074 1699543580148596739
1699543580148658415 1699543580153966119
1699543580154094730 1699543580159702368
1699543580159736983 1699543580164309296
1699543580164413491 1699543580169593666
1699543580169710375 1699543580174537255
1699543580174651400 1699543580179714925
1699543580179780709 1699543580184735039
1699543580184881404 1699543580189919251
1699543580189934329 1699543580195002053
1699543580195108863 1699543580200206663
1699543580200225128 1699543580205382299
1699543580205414088 1699543580210702366
1699543580210851987 1699543580216317067
1699543580216361541 1699543580221873038
1699543580222020445 1699543580227756935
1699543580227790949 1699543580232950434
1699543580233061282 1699543580237970338
1699543580238075405 1699543580243090058
1699543580243196228 1699543580248301942
1699543580248460791 1699543580253552089
1699543580253689166 1699543580258826480
1699543580258856847 1699543580264388341
1699543580264454416 1699543580270107959
1699543580270151642 1699543580275468363
1699543580275568902 1699543580281020596
1699543580281155700 1699543580286745905
1699543580286870049 1699543580292408006
1699543580292496773 1699543580297822741
1699543580297894726 1699543580303137929
1699543580303231264 1699543580308412931
1699543580308522327 1699543580313672034
1699543580313758176 1699543580319133628
1699543580319257982 1699543580324749311
1699543580324840582 1699543580330285253
1699543580330388487 1699543580336754971
1699543580336838458 1699543580341983417
1699543580342012522 1699543580347742118
1699543580347806890 1699543580353011600
1699543580353097191 1699543580358548234
1699543580358584452 1699543580363824750
1699543580363995451 1699543580369343551
1699543580369504083 1699543580374725525
1699543580374819902 1699543580380117477
1699543580380308105 1699543580385069072
1699543580385145936 1699543580390561734
1699543580390611567 1699543580396066398
1699543580396099831 1699543580401547628
1699543580401576933 1699543580406940362
1699543580406975438 1699543580412640574
1699543580412668476 1699543580418040210
1699543580418081859 1699543580423317408
1699543580423352945 1699543580428558136
1699543580428586309 1699543580434024848
1699543580434058011 1699543580439759685
1699543580439791705 1699543580445029608
1699543580445066428 1699543580450312556
1699543580450359555 1699543580455940502
1699543580456027325 1699543580461017923
1699543580461057327 1699543580466272387
1699543580466322351 1699543580471588658
1699543580471628873 1699543580476733896
1699543580476762861 1699543580481977360
1699543580481998469 1699543580487086049
1699543580487122027 1699543580492440772
1699543580492521273 1699543580497988498
1699543580498028443 1699543580503196905
1699543580503227102 1699543580507496344
1699543580507535588 1699543580513001269
1699543580513050752 1699543580518315245
1699543580518350391 1699543580523955604
1699543580523984308 1699543580529300658
1699543580529331065 1699543580534660059
1699543580534679506 1699543580541033326
1699543580541076568 1699543580546445597
1699543580546480402 1699543580551728073
1699543580551748362 1699543580557137158
1699543580557154240 1699543580562881262
1699543580562912120 1699543580568529967
1699543580568552730 1699543580573819587
1699543580573845045 1699543580579305867
1699543580579374536 1699543580584740550
1699543580584787168 1699543580589912940
1699543580589939009 1699543580595130705
1699543580595168435 1699543580600266726
1699543580600297834 1699543580605516121
1699543580605549544 1699543580610595165
1699543580610637755 1699543580615798292
1699543580615828008 1699543580619894681
1699543580619932321 1699543580625108448
1699543580625137353 1699543580630449715
1699543580630488638 1699543580635868739
1699543580635903504 1699543580641241616
1699543580641292131 1699543580646310040
1699543580646335898 1699543580651321768
1699543580651390386 1699543580656479129
1699543580656501912 1699543580661670104
1699543580661746628 1699543580666826604
1699543580666850148 1699543580671985508
1699543580672014533 1699543580677875587
1699543580677917956 1699543580683419896
1699543580683443660 1699543580689049064
1699543580689107223 1699543580694241762
1699543580694281637 1699543580698951001
1699543580698968524 1699543580704273834
1699543580704310933 1699543580709843170
1699543580709893394 1699543580715859736
1699543580715897407 1699543580720911278
1699543580720950863 1699543580726379744
1699543580726409761 1699543580731537427
1699543580731587541 1699543580736634736
1699543580736664311 1699543580741907444
1699543580741955484 1699543580746086277
1699543580746136030 1699543580751539755
1699543580751579209 1699543580757279591
1699543580757315909 1699543580762725184
1699543580762777893 1699543580768142885
1699543580768199962 1699543580773870468
1699543580773984081 1699543580779344756
1699543580779386434 1699543580784877643
1699543580784903171 1699543580790253274
1699543580790289272 1699543580795506085
1699543580795535991 1699543580800811555
1699543580800838706 1699543580806247500
1699543580806282186 1699543580811795095
1699543580811832014 1699543580817027889
1699543580817060901 1699543580822189879
1699543580822222951 1699543580827360355
1699543580827390502 1699543580832364559
1699543580832391369 1699543580837934245
1699543580838040054 1699543580843914443
1699543580843972633 1699543580850085149
1699543580850136796 1699543580856009371
1699543580856036222 1699543580861327004
1699543580861353143 1699543580867244274
1699543580867764412 1699543580873180469
1699543580873225724 1699543580878650047
1699543580878691024 1699543580884082876
1699543580884113073 1699543580889891392
1699543580889911169 1699543580895544555
1699543580895575052 1699543580901192629
1699543580901206395 1699543580906908410
1699543580906923819 1699543580912355907
1699543580912367158 1699543580918223273
1699543580918252217 1699543580923771348
1699543580923796024 1699543580929314375
1699543580929334593 1699543580934700977
1699543580934724581 1699543580939898484
1699543580939932959 1699543580945337935
1699543580945377670 1699543580950459119
1699543580950495588 1699543580956070895
1699543580956094990 1699543580961868199
1699543580961977113 1699543580966446593
1699543580966475988 1699543580971737084
1699543580971749438 1699543580977401849
1699543580977452033 1699543580982995281
1699543580983025618 1699543580988420706
1699543580988437978 1699543580993836623
1699543580993906274 1699543580999482423
1699543580999619691 1699543581005164561
1699543581005326966 1699543581009267992
1699543581009391935 1699543581014847486
1699543581015012687 1699543581020452128
1699543581020470874 1699543581025740046
1699543581026074444 1699543581031559942
1699543581031579629 1699543581036919604
1699543581037069786 1699543581042550285
1699543581042663177 1699543581048827952
1699543581048984987 1699543581054190379
1699543581054345831 1699543581059557224
1699543581059586890 1699543581065124656
1699543581065261914 1699543581070779352
1699543581070794591 1699543581075079473
1699543581075116983 1699543581080406233
1699543581080547729 1699543581085936405
1699543581086059857 1699543581092087785
1699543581092208822 1699543581097536033
1699543581097661128 1699543581103137329
1699543581103282692 1699543581108565158
1699543581108687378 1699543581114122031
1699543581114213854 1699543581119547957
1699543581119572223 1699543581125175121
1699543581125211960 1699543581130338264
1699543581130507682 1699543581135656077
1699543581135679371 1699543581140996472
1699543581141184546 1699543581147842948
1699543581147854931 1699543581153510018
1699543581153642116 1699543581159137262
1699543581159248842 1699543581164405091
1699543581164528313 1699543581170102919
1699543581170132745 1699543581175689366
1699543581175911163 1699543581180399478
1699543581180493274 1699543581185628534
1699543581185732119 1699543581191033531
1699543581191120534 1699543581196470227
1699543581196518528 1699543581201855648
1699543581201944835 1699543581207107306
1699543581207138024 1699543581212358494
1699543581212391947 1699543581217715151
1699543581217755747 1699543581223082416
1699543581223190470 1699543581228486051
1699543581228576761 1699543581233915855
1699543581233990545 1699543581239778792
1699543581239904829 1699543581245306149
1699543581245428188 1699543581250856258
1699543581250875625 1699543581254865833
1699543581254877145 1699543581260098937
1699543581260204916 1699543581265488815
1699543581265499515 1699543581270748128
1699543581270900134 1699543581276235971
1699543581276339075 1699543581281831807
1699543581281926374 1699543581287376486
1699543581287484419 1699543581292802974
1699543581292832970 1699543581298304872
1699543581298476705 1699543581303743774
1699543581303779561 1699543581309084580
1699543581309107062 1699543581314313365
1699543581314445584 1699543581319613716
1699543581319643512 1699543581324880132
1699543581324916160 1699543581331039747
1699543581331051730 1699543581336392105
1699543581336486543 1699543581341915736
1699543581342073172 1699543581349084046
1699543581349306825 1699543581354621642
1699543581354698416 1699543581359115947
1699543581359207730 1699543581364520734
1699543581364579103 1699543581369962690
1699543581369995682 1699543581375091508
1699543581375108530 1699543581380316827
1699543581380407337 1699543581385550653
1699543581385714511 1699543581391024860
1699543581391143302 1699543581396315812
1699543581396348714 1699543581401722363
1699543581401824906 1699543581406915632
1699543581406946931 1699543581412143255
1699543581412178662 1699543581417337907
1699543581417449426 1699543581422625954
1699543581422729218 1699543581427859859
1699543581427895577 1699543581433294121
1699543581433411251 1699543581438682156
1699543581438700991 1699543581444102121
1699543581444121017 1699543581451611533
1699543581451722141 1699543581456752985
1699543581456772612 1699543581462011126
1699543581462207465 1699543581467657757
1699543581467683105 1699543581472890630
1699543581472940474 1699543581478304614
1699543581478329390 1699543581483620283
1699543581483637024 1699543581488602455
1699543581488647741 1699543581493967577
1699543581493988847 1699543581499202374
1699543581499249954 1699543581504655431
1699543581504675208 1699543581510167349
1699543581510192376 1699543581515567488
1699543581515580752 1699543581519828304
1699543581519846288 1699543581525214666
1699543581525250553 1699543581530602351
1699543581530615967 1699543581536044768
1699543581536057662 1699543581541524044
1699543581541544112 1699543581547026965
1699543581547058304 1699543581553501382
1699543581553545866 1699543581565026830
1699543581565043611 1699543581570775012
1699543581570806972 1699543581576421883
1699543581576445237 1699543581582133456
1699543581582173612 1699543581587688826
1699543581587719303 1699543581593405348
1699543581593440414 1699543581598898270
1699543581598921524 1699543581604193702
1699543581604215212 1699543581609434199
1699543581609478803 1699543581614886335
1699543581614925518 1699543581620198998
1699543581620217974 1699543581625509278
1699543581625546808 1699543581630696145
1699543581630721021 1699543581635616260
1699543581635652719 1699543581640494597
1699543581640528932 1699543581645650025
1699543581645700941 1699543581652613261
1699543581652680287 1699543581657977641
1699543581658039297 1699543581663406342
1699543581663443843 1699543581668552944
1699543581668611744 1699543581673833187
1699543581673870036 1699543581679301863
1699543581679330217 1699543581684451560
1699543581684484081 1699543581689778290
1699543581689814879 1699543581695143072
1699543581695169922 1699543581700521458
1699543581700556214 1699543581705759602
1699543581705785941 1699543581711100999
1699543581711156443 1699543581716278379
1699543581716314156 1699543581721460426
1699543581721501924 1699543581727003533
1699543581727069988 1699543581732342326
1699543581732374917 1699543581737411591
1699543581737445034 1699543581742739894
1699543581742789497 1699543581747872770
1699543581747900482 1699543581753375771
1699543581753473745 1699543581758823448
1699543581758855568 1699543581764325248
1699543581764381563 1699543581769626209
1699543581769655875 1699543581775068105
1699543581775090737 1699543581780226548
1699543581780257607 1699543581785519094
1699543581785565230 1699543581790998180
1699543581791025502 1699543581796365125
1699543581796400382 1699543581801435093
1699543581801470108 1699543581806660793
1699543581806686040 1699543581812029231
1699543581812083894 1699543581817379976
1699543581817430581 1699543581822702478
1699543581822720352 1699543581827998420
1699543581828032133 1699543581831582625
1699543581831608323 1699543581836829515
1699543581836850184 1699543581841829120
1699543581841869476 1699543581847402203
1699543581847437620 1699543581853287413
1699543581853316858 1699543581858734078
1699543581858776718 1699543581864306499
1699543581864341816 1699543581869927061
1699543581869970713 1699543581875127784
1699543581875149094 1699543581880552879
1699543581880583677 1699543581885882033
1699543581885911849 1699543581891517994
1699543581891552329 1699543581897571370
1699543581897595545 1699543581903169650
1699543581903203293 1699543581908606617
1699543581908639549 1699543581914345471
1699543581914383232 1699543581919914787
1699543581919944924 1699543581925606272
1699543581925635637 1699543581931349986
1699543581931413956 1699543581937147761
1699543581937200951 1699543581948720909
1699543581948774599 1699543581955513163
1699543581955529454 1699543581961027335
1699543581961060597 1699543581966524555
1699543581966554521 1699543581972150166
1699543581972184010 1699543581977856731
1699543581977890113 1699543581983247951
1699543581983277727 1699543581988912376
1699543581988942262 1699543581994307033
1699543581994339564 1699543581999764158
1699543582000113144 1699543582005621325
1699543582005657132 1699543582010885347
1699543582010927065 1699543582016356457
1699543579829332485 1699543579839248198
1699543579839316727 1699543579845869391
1699543579845999235 1699543579851948024
1699543579852133953 1699543579857807615
1699543579857879379 1699543579863913259
1699543579864044175 1699543579869620103
1699543579869751299 1699543579875320204
1699543579875418839 1699543579880797266
1699543579880920187 1699543579885649364
1699543579885747799 1699543579891686259
1699543579891804891 1699543579897286673
1699543579897456051 1699543579902733880
1699543579902857372 1699543579908076088
1699543579908215931 1699543579913369926
1699543579913560374 1699543579918733585
1699543579918859282 1699543579923946993
1699543579924139535 1699543579929655239
1699543579929743616 1699543579936826485
1699543579936876890 1699543579942596788
1699543579942739176 1699543579948146317
1699543579948173508 1699543579953623580
1699543579953749617 1699543579959153201
1699543579959204187 1699543579964454583
1699543579964545234 1699543579969723655
1699543579969815778 1699543579974986334
1699543579975071304 1699543579980454289
1699543579980634819 1699543579985876929
1699543579985915572 1699543579991205242
1699543579991239917 1699543579996635968
1699543579996701271 1699543580002511369
1699543580002617238 1699543580008370559
1699543580008385587 1699543580013610145
1699543580013725522 1699543580019198667
1699543580019333340 1699543580024700836
1699543580024920219 1699543580030222393
1699543580030321910 1699543580036945637
1699543580037044773 1699543580042459598
1699543580042472452 1699543580047879684
1699543580047915782 1699543580053100435
1699543580053214779 1699543580058495803
1699543580058611941 1699543580063691657
1699543580063838393 1699543580068769509
1699543580068885077 1699543580074005369
1699543580074182993 1699543580079168441
1699543580079260394 1699543580084382269
1699543580084504538 1699543580089535352
1699543580089642884 1699543580094921874
1699543580094944867 1699543580099326852
1699543580099528241 1699543580104732580
1699543580104861983 1699543580110511369
1699543580110667282 1699543580116015393
1699543580116100413 1699543580121637147
1699543580121786067 1699543580126882383
1699543580126994674 1699543580132501733
1699543580132547760 1699543580137948469
1699543580138094543 1699543580143146016
1699543580143212170 1699543580148460643
1699543580148576821 1699543580153937755
1699543580154067990 1699543580159442790
1699543580159522039 1699543580164581687
1699543580164703747 1699543580169994399
1699543580170131426 1699543580175438479
1699543580175568904 1699543580180611100
1699543580180725214 1699543580186098100
1699543580186153805 1699543580191493499
1699543580191610950 1699543580197088363
1699543580197213488 1699543580202941953
1699543580203045267 1699543580208354093
1699543580208451516 1699543580213846484
1699543580213956120 1699543580219184345
1699543580219304621 1699543580224417139
1699543580224529730 1699543580230016110
1699543580230159870 1699543580236743933
1699543580236840875 1699543580242218711
1699543580242300525 1699543580247708026
1699543580247794629 1699543580253159841
1699543580253326905 1699543580258669024
1699543580258723506 1699543580264373013
1699543580264497637 1699543580269981382
1699543580270017099 1699543580275300898
1699543580275413800 1699543580281083875
1699543580281341850 1699543580286564074
1699543580286707463 1699543580291884903
1699543580291972237 1699543580297488162
1699543580297591196 1699543580302841442
1699543580302978660 1699543580308232542
1699543580308244956 1699543580313633271
1699543580313657908 1699543580319114031
1699543580319254485 1699543580324787422
1699543580324820304 1699543580330327443
1699543580330475711 1699543580336853927
1699543580336944778 1699543580342247082
1699543580342316242 1699543580347718694
1699543580347784227 1699543580353197500
1699543580353365996 1699543580358767316
1699543580358895297 1699543580364295204
1699543580364383470 1699543580369540151
1699543580369608940 1699543580374897187
1699543580375031269 1699543580380260215
1699543580380366425 1699543580385624235
1699543580385824601 1699543580391481753
1699543580391506098 1699543580397158049
1699543580397181112 1699543580402494447
1699543580402524323 1699543580408180212
1699543580408197975 1699543580413583686
1699543580413616167 1699543580419146980
1699543580419181856 1699543580424859956
1699543580424878151 1699543580430276054
1699543580430305529 1699543580436233900
1699543580436264437 1699543580441751418
1699543580441770303 1699543580447263066
1699543580447290417 1699543580452781967
1699543580452811001 1699543580458256674
1699543580458282964 1699543580463694172
1699543580463737093 1699543580469056870
1699543580469092517 1699543580474379983
1699543580474409649 1699543580479895828
1699543580479962053 1699543580485440868
1699543580485470884 1699543580491088731
1699543580491124959 1699543580496753417
1699543580496797800 1699543580502663232
1699543580502712074 1699543580508311005
1699543580508334680 1699543580513542506
1699543580513565138 1699543580518736797
1699543580518767404 1699543580524346729
1699543580524382106 1699543580529509421
1699543580529531061 1699543580533665280
1699543580533694405 1699543580540469547
1699543580540496327 1699543580545951558
1699543580545982677 1699543580551611484
1699543580551642493 1699543580557070723
1699543580557095009 1699543580562837500
1699543580562872215 1699543580568216167
1699543580568500071 1699543580574034291
1699543580574049119 1699543580579455829
1699543580579490875 1699543580584775195
1699543580584808368 1699543580590092297
1699543580590111443 1699543580595193042
1699543580595220393 1699543580600723584
1699543580600754262 1699543580606142438
1699543580606185268 1699543580611370893
1699543580611387825 1699543580616690259
1699543580616710246 1699543580621924335
1699543580621946246 1699543580627700990
1699543580627731427 1699543580633291696
1699543580633318586 1699543580639569293
1699543580639603507 1699543580644960153
1699543580644988967 1699543580650043856
1699543580650097477 1699543580655216917
1699543580655248597 1699543580660442396
1699543580660481730 1699543580665937684
1699543580665974944 1699543580671306663
1699543580671331840 1699543580677139183
1699543580677161535 1699543580682858340
1699543580682899928 1699543580688250333
1699543580688263087 1699543580693414678
1699543580693442660 1699543580699023557
1699543580699093509 1699543580704552107
1699543580704612911 1699543580710126322
1699543580710157040 1699543580716192251
1699543580716208752 1699543580721590865
1699543580721622525 1699543580726968641
1699543580726999569 1699543580732265124
1699543580732287647 1699543580737712741
1699543580737746134 1699543580743069828
1699543580743101247 1699543580748814273
1699543580748842306 1699543580754107360
1699543580754123801 1699543580759270723
1699543580759285991 1699543580764289574
1699543580764309241 1699543580769151360
1699543580769187057 1699543580774523004
1699543580774544294 1699543580779737764
1699543580779772900 1699543580785334161
1699543580785369207 1699543580790689394
1699543580790722416 1699543580795864438
1699543580795880769 1699543580800073458
1699543580800093165 1699543580805184583
1699543580805207005 1699543580810486336
1699543580810523395 1699543580815943681
1699543580815987584 1699543580821152730
1699543580821185422 1699543580826602150
1699543580826626236 1699543580831641290
1699543580831666938 1699543580836720775
1699543580836749619 1699543580843671948
1699543580843690953 1699543580849155232
1699543580849183745 1699543580854948177
1699543580854962154 1699543580860555224
1699543580860590370 1699543580866580146
1699543580866613369 1699543580872393651
1699543580872445148 1699543580877954170
1699543580877997441 1699543580883821986
1699543580883882370 1699543580889675216
1699543580889696586 1699543580895169080
1699543580895204917 1699543580901023972
1699543580901042416 1699543580906470076
1699543580906500533 1699543580912312906
1699543580912337933 1699543580917893823
1699543580917934550 1699543580923305873
1699543580923348273 1699543580928512979
1699543580928544688 1699543580934232487
1699543580934268785 1699543580939605644
1699543580939713246 1699543580944975324
1699543580945080401 1699543580950299229
1699543580950394398 1699543580955525961
1699543580955622502 1699543580961145651
1699543580961296955 1699543580966490385
1699543580966561809 1699543580972016369
1699543580972123551 1699543580977337017
1699543580977470368 1699543580983081553
1699543580983201318 1699543580988486409
1699543580988594983 1699543580993885715
1699543580993903318 1699543580999460662
1699543580999572151 1699543581004719214
1699543581004817829 1699543581009978437
1699543581010064558 1699543581014547883
1699543581014652620 1699543581020124493
1699543581020224851 1699543581025706252
1699543581025787956 1699543581031322907
1699543581031461367 1699543581036876803
1699543581036944551 1699543581042348836
1699543581042457981 1699543581048577331
1699543581048619821 1699543581054182775
1699543581054235374 1699543581059745588
1699543581059852850 1699543581064241917
1699543581064382101 1699543581069531006
1699543581069672763 1699543581074891740
1699543581075007006 1699543581080314821
1699543581080390744 1699543581085909053
1699543581086019030 1699543581091550505
1699543581091658047 1699543581097395078
1699543581097528148 1699543581102930199
1699543581102975024 1699543581108493233
1699543581108572592 1699543581114121159
1699543581114160223 1699543581119851898
1699543581119880963 1699543581125677896
1699543581125700028 1699543581131101498
1699543581131131685 1699543581136659633
1699543581136679971 1699543581142176510
1699543581142274584 1699543581148064565
1699543581148094691 1699543581153650391
1699543581153679296 1699543581159322300
1699543581159373246 1699543581164681962
1699543581164743758 1699543581170197637
1699543581170260505 1699543581175738379
1699543581175792701 1699543581181329836
1699543581181371034 1699543581186802039
1699543581186830633 1699543581192329626
1699543581192376985 1699543581197651787
1699543581197713183 1699543581203000439
1699543581203040214 1699543581208352116
1699543581208397200 1699543581213874122
1699543581213903447 1699543581219323132
1699543581219359671 1699543581224672414
1699543581224738959 1699543581230258652
1699543581230290772 1699543581235516713
1699543581235548022 1699543581240634029
1699543581240682179 1699543581247648420
1699543581247696260 1699543581252986111
1699543581253018161 1699543581258534998
1699543581258570936 1699543581263796315
1699543581263840187 1699543581269122473
1699543581269159854 1699543581274394841
1699543581274430498 1699543581279815708
1699543581279839954 1699543581285111560
1699543581285145113 1699543581290409105
1699543581290428973 1699543581295794164
1699543581295823219 1699543581300060652
1699543581300083906 1699543581305092428
1699543581305115201 1699543581310237266
1699543581310271049 1699543581315546202
1699543581315576860 1699543581320726577
1699543581320758617 1699543581325756139
1699543581325780144 1699543581331007807
1699543581331047622 1699543581336731753
1699543581336757452 1699543581342274320
1699543581342300068 1699543581349047237
1699543581349099786 1699543581354560247
1699543581354584933 1699543581360058639
1699543581360081612 1699543581365450320
1699543581365544537 1699543581370814461
1699543581370845860 1699543581376337660
1699543581376399196 1699543581381715997
1699543581381759608 1699543581387031446
1699543581387062624 1699543581392473452
1699543581392579331 1699543581398004476
1699543581398075940 1699543581402811249
1699543581402841706 1699543581408282500
1699543581408325661 1699543581413689531
1699543581413787966 1699543581419008356
1699543581419035126 1699543581424426848
1699543581424444451 1699543581429921864
1699543581429959866 1699543581435180646
1699543581435239447 1699543581440568992
1699543581440598557 1699543581445841310
1699543581445893428 1699543581451044387
1699543581451090844 1699543581456622489
1699543581456658858 1699543581461859121
1699543581461887163 1699543581467273495
1699543581467325082 1699543581472484788
1699543581472534782 1699543581477633743
1699543581477708273 1699543581483165488
1699543581483286946 1699543581488530580
1699543581488651417 1699543581494238026
1699543581494356268 1699543581499676976
1699543581499786051 1699543581504898478
1699543581505038952 1699543581510194891
1699543581510281574 1699543581515420381
1699543581515530197 1699543581520588082
1699543581520815780 1699543581525976648
1699543581526099088 1699543581531184495
1699543581531301956 1699543581536335755
1699543581536481950 1699543581541934536
1699543581542025567 1699543581547309095
1699543581547428039 1699543581553547980
1699543581553697741 1699543581565241503
1699543581565361639 1699543581570739566
1699543581570885520 1699543581576512654
1699543581576676161 1699543581582094834
1699543581582183921 1699543581587651105
1699543581587716889 1699543581593271176
1699543581593365433 1699543581599088237
1699543581599213974 1699543581604800532
1699543581604850286 1699543581609956491
1699543581610065556 1699543581615387767
1699543581615522480 1699543581620859730
1699543581620966240 1699543581626306796
1699543581626408658 1699543581631418352
1699543581631511086 1699543581636607924
1699543581636704846 1699543581641874620
1699543581641981481 1699543581647243940
1699543581647626549 1699543581652844325
1699543581652956896 1699543581658290629
1699543581658303954 1699543581663687410
1699543581663789252 1699543581669242330
1699543581669334873 1699543581674945487
1699543581675097262 1699543581680611504
1699543581680731319 1699543581686637738
1699543581686730082 1699543581692008712
1699543581692143926 1699543581697362883
1699543581697489411 1699543581702877065
1699543581702980860 1699543581708617963
1699543581708734782 1699543581714015286
1699543581714124090 1699543581719628895
1699543581719742739 1699543581725091089
1699543581725213228 1699543581730666757
1699543581730758429 1699543581736011571
1699543581736099255 1699543581741427738
1699543581741512017 1699543581746779836
1699543581746872630 1699543581753422258
1699543581753506056 1699543581758988628
1699543581759011702 1699543581765089834
1699543581765183360 1699543581770543062
1699543581770568640 1699543581775971753
1699543581775987813 1699543581781554474
1699543581781692934 1699543581787048257
1699543581787128438 1699543581792503699
1699543581792596604 1699543581797720863
1699543581797814459 1699543581802399435
1699543581802515994 1699543581807752484
1699543581807867931 1699543581813258411
1699543581813377775 1699543581818826224
1699543581818975945 1699543581824664655
1699543581824780192 1699543581830344879
1699543581830362522 1699543581835711484
1699543581835731081 1699543581840922847
1699543581841030459 1699543581846806964
1699543581846960052 1699543581853286822
1699543581853321317 1699543581857952660
1699543581858088805 1699543581863942395
1699543581864053193 1699543581869850728
1699543581869956026 1699543581875644646
1699543581875766585 1699543581881235843
1699543581881345779 1699543581886879147
1699543581886996077 1699543581892793722
1699543581892859936 1699543581898358639
1699543581898460371 1699543581903810404
1699543581903886657 1699543581909253272
1699543581909382074 1699543581914718953
1699543581914777453 1699543581920293879
1699543581920424485 1699543581925733591
1699543581925938316 1699543581931398006
1699543581931481864 1699543581937198246
1699543581937216801 1699543581948525912
1699543581948594501 1699543581955519094
1699543581955617198 1699543581962607614
1699543581962732519 1699543581968307325
1699543581968419896 1699543581973624868
1699543581973741266 1699543581978896815
1699543581979001201 1699543581984274851
1699543581984418751 1699543581989651665
1699543581989776179 1699543581994922630
1699543581995030793 1699543582000606912
1699543582000684418 1699543582006605224
1699543582006653063 1699543582012199165
1699543582012275298 1699543582017634089
1699543582017768060 1699543582023117654
1699543582023236026 1699543582028587602
1699543582028676299 1699543582033944559
1699543582034051520 1699543582039565942
1699543582039651884 1699543582044721060
1699543579829425500 1699543579839544305
1699543579839588027 1699543579845807986
1699543579845828404 1699543579851702963
1699543579851752266 1699543579857623218
1699543579857670457 1699543579863413740
1699543579863471679 1699543579869481372
1699543579869518582 1699543579875362022
1699543579875387761 1699543579880675428
1699543579880705133 1699543579886099220
1699543579886118145 1699543579891866658
1699543579891883950 1699543579897384577
1699543579897404053 1699543579902777582
1699543579902791919 1699543579908327330
1699543579908344292 1699543579913514598
1699543579913530979 1699543579918764043
1699543579918781946 1699543579924314063
1699543579924376530 1699543579929710634
1699543579929739207 1699543579936807900
1699543579936831224 1699543579942386914
1699543579942403395 1699543579948078600
1699543579948110860 1699543579953347752
1699543579953382337 1699543579958630589
1699543579958698627 1699543579963863532
1699543579963885013 1699543579969353108
1699543579969397712 1699543579974656033
1699543579974677614 1699543579980312964
1699543579980331999 1699543579986120848
1699543579986149321 1699543579991652422
1699543579991695413 1699543579996974394
1699543579997005041 1699543580002651332
1699543580002670217 1699543580008339240
1699543580008364678 1699543580013727816
1699543580013747343 1699543580019067691
1699543580019107536 1699543580024799041
1699543580024818558 1699543580029179112
1699543580029212415 1699543580034649913
1699543580034701139 1699543580039836790
1699543580039867547 1699543580045267144
1699543580045295077 1699543580050696026
1699543580050713038 1699543580056170363
1699543580056213775 1699543580061360246
1699543580061423946 1699543580066722983
1699543580066741338 1699543580072393791
1699543580072434287 1699543580077837039
1699543580077881062 1699543580083129985
1699543580083152047 1699543580088607909
1699543580088636182 1699543580094030579
1699543580094063892 1699543580099539161
1699543580099558317 1699543580104775130
1699543580104786582 1699543580110351028
1699543580110370134 1699543580115878035
1699543580115914724 1699543580121231535
1699543580121250580 1699543580126398153
1699543580126432177 1699543580131642639
1699543580131661995 1699543580137602749
1699543580137634759 1699543580143018336
1699543580143049154 1699543580148237844
1699543580148256199 1699543580153934008
1699543580153948516 1699543580159580038
1699543580159596659 1699543580164866603
1699543580164887452 1699543580170345809
1699543580170367590 1699543580175641150
1699543580175662891 1699543580181050565
1699543580181066425 1699543580186324586
1699543580186343792 1699543580191824702
1699543580191872201 1699543580197553217
1699543580197624390 1699543580202136539
1699543580202167087 1699543580207592532
1699543580207640252 1699543580213161688
1699543580213191834 1699543580218668355
1699543580218706627 1699543580223975539
1699543580224005515 1699543580228988369
1699543580229028244 1699543580234086138
1699543580234106466 1699543580239195630
1699543580239225386 1699543580244221735
1699543580244249597 1699543580249346435
1699543580249386851 1699543580254348766
1699543580254372300 1699543580259478736
1699543580259513781 1699543580264758747
1699543580264780268 1699543580270157442
1699543580270207376 1699543580275502517
1699543580275533996 1699543580281088985
1699543580281158766 1699543580286927697
1699543580286973142 1699543580292317836
1699543580292400963 1699543580297601675
1699543580297625881 1699543580303212629
1699543580303305544 1699543580308799818
1699543580308817461 1699543580314202170
1699543580314235854 1699543580319570068
1699543580319592681 1699543580324823109
1699543580324847335 1699543580330375533
1699543580330399718 1699543580336868444
1699543580336900414 1699543580342187220
1699543580342218509 1699543580347421135
1699543580347451823 1699543580352759727
1699543580352807517 1699543580358337568
1699543580358376852 1699543580363719873
1699543580363755159 1699543580369248593
1699543580369265184 1699543580374676392
1699543580374707511 1699543580380097199
1699543580380122717 1699543580386410983
1699543580386532462 1699543580391719189
1699543580391835848 1699543580397042342
1699543580397069192 1699543580402571291
1699543580402672862 1699543580406942015
1699543580407035651 1699543580412599647
1699543580412715564 1699543580418088090
1699543580418200461 1699543580423890515
1699543580423922685 1699543580429882464
1699543580429994785 1699543580436873982
1699543580436902296 1699543580442255084
1699543580442296712 1699543580447989852
1699543580448019808 1699543580453209831
1699543580453318625 1699543580457691132
1699543580457809304 1699543580463148637
1699543580463269704 1699543580468563473
1699543580468745925 1699543580474216416
1699543580474249969 1699543580479931806
1699543580480082218 1699543580485552147
1699543580485680769 1699543580491145428
1699543580491179853 1699543580496788924
1699543580496890424 1699543580502598150
1699543580502723876 1699543580508118774
1699543580508225525 1699543580513349062
1699543580513461704 1699543580518921524
1699543580519046058 1699543580524310521
1699543580524416170 1699543580528506736
1699543580528626562 1699543580534144771
1699543580534250269 1699543580540541903
1699543580540591035 1699543580546149651
1699543580546219682 1699543580551631973
1699543580551739926 1699543580557209965
1699543580557349407 1699543580562867807
1699543580562966983 1699543580568367331
1699543580568479653 1699543580573885040
1699543580573984317 1699543580579207632
1699543580579490404 1699543580584854033
1699543580585009045 1699543580590785189
1699543580590903411 1699543580596158897
1699543580596279744 1699543580601567450
1699543580601679260 1699543580606658437
1699543580606783172 1699543580611973445
1699543580611991559 1699543580617253106
1699543580617348035 1699543580622544620
1699543580622664686 1699543580627972891
1699543580628083429 1699543580633438572
1699543580633565320 1699543580639378675
1699543580639414642 1699543580644979089
1699543580645009807 1699543580650217903
1699543580650338500 1699543580655610036
1699543580655727446 1699543580660822170
1699543580660926897 1699543580666066816
1699543580666188896 1699543580671490448
1699543580671610103 1699543580676619266
1699543580676737538 1699543580682480170
1699543580682514093 1699543580687960569
1699543580688053082 1699543580693310171
1699543580693372558 1699543580698931204
1699543580699046490 1699543580704413466
1699543580704588495 1699543580709624880
1699543580709784770 1699543580716204604
1699543580716287930 1699543580721631742
1699543580721758310 1699543580727120937
1699543580727140664 1699543580732231912
1699543580732316381 1699543580737958964
1699543580738065354 1699543580743358591
1699543580743396682 1699543580748856533
1699543580748971308 1699543580754329487
1699543580754457558 1699543580759693477
1699543580759808924 1699543580764982636
1699543580765123050 1699543580770488643
1699543580770619459 1699543580775812227
1699543580775830011 1699543580780830007
1699543580780847981 1699543580786293213
1699543580786405634 1699543580791578625
1699543580791683482 1699543580796742078
1699543580796850682 1699543580801866879
1699543580801886846 1699543580807067962
1699543580807086006 1699543580812230964
1699543580812372210 1699543580817325157
1699543580817438480 1699543580822777533
1699543580822870729 1699543580828074718
1699543580828189353 1699543580833031512
1699543580833053063 1699543580837326473
1699543580837448983 1699543580843719627
1699543580843854361 1699543580849645132
1699543580849742696 1699543580854926847
1699543580855093571 1699543580860570603
1699543580860656123 1699543580866565158
1699543580866665106 1699543580872457701
1699543580872499279 1699543580878043377
1699543580878226842 1699543580883744571
1699543580883862332 1699543580890106226
1699543580890153956 1699543580895564433
1699543580895584220 1699543580901165738
1699543580901314357 1699543580906857885
1699543580906898721 1699543580912604344
1699543580912728096 1699543580918145797
1699543580918278446 1699543580923636465
1699543580923740570 1699543580929142342
1699543580929318853 1699543580935039253
1699543580935066774 1699543580940538857
1699543580940572651 1699543580945655522
1699543580945680379 1699543580951020554
1699543580951050912 1699543580956240874
1699543580956290297 1699543580961589816
1699543580961644779 1699543580967648391
1699543580967703775 1699543580972733126
1699543580972762722 1699543580977849661
1699543580977879857 1699543580983128321
1699543580983170239 1699543580987569667
1699543580987624099 1699543580992702322
1699543580992738760 1699543580998100736
1699543580998131424 1699543581003551459
1699543581003577518 1699543581008790735
1699543581008802447 1699543581014589882
1699543581014623415 1699543581020301886
1699543581020323066 1699543581025760595
1699543581025799097 1699543581031167745
1699543581031200908 1699543581036518650
1699543581036541213 1699543581041818690
1699543581041855840 1699543581048606496
1699543581048641872 1699543581053934889
1699543581053957401 1699543581059233796
1699543581059268582 1699543581064464886
1699543581064489793 1699543581069896012
1699543581069919526 1699543581075136760
1699543581075176826 1699543581080769545
1699543581080809651 1699543581086231620
1699543581086263499 1699543581092177834
1699543581092231275 1699543581096484557
1699543581096518290 1699543581101799805
1699543581101833428 1699543581107019584
1699543581107053397 1699543581112143974
1699543581112171616 1699543581117399319
1699543581117437621 1699543581122670395
1699543581122692737 1699543581127059993
1699543581127079199 1699543581132274943
1699543581132292737 1699543581137426734
1699543581137446101 1699543581142512050
1699543581142577954 1699543581148437205
1699543581148454818 1699543581153850578
1699543581153872960 1699543581159311309
1699543581159345804 1699543581164580641
1699543581164643560 1699543581169888436
1699543581169923762 1699543581175614215
1699543581175696279 1699543581181462185
1699543581181477884 1699543581186844209
1699543581186892970 1699543581192324066
1699543581192397043 1699543581197538715
1699543581197589430 1699543581202786397
1699543581202817004 1699543581207947525
1699543581208000825 1699543581213256492
1699543581213305073 1699543581218413403
1699543581218436055 1699543581223441151
1699543581223492457 1699543581228687990
1699543581228717886 1699543581233943857
1699543581234336495 1699543581239689654
1699543581239741772 1699543581244917979
1699543581244955139 1699543581250175589
1699543581250285526 1699543581255617636
1699543581255660657 1699543581261001112
1699543581261023875 1699543581266165687
1699543581266195704 1699543581271638952
1699543581271675571 1699543581276658676
1699543581276690646 1699543581282261404
1699543581282310797 1699543581287885804
1699543581287944714 1699543581293347888
1699543581293401719 1699543581298564621
1699543581298586442 1699543581303809277
1699543581303856646 1699543581309240212
1699543581309269367 1699543581314563976
1699543581314600745 1699543581319793453
1699543581319817849 1699543581325036526
1699543581325077002 1699543581330856763
1699543581331073411 1699543581336583144
1699543581336607991 1699543581342188308
1699543581342222322 1699543581348946798
1699543581349000128 1699543581354383605
1699543581354454337 1699543581359890543
1699543581359917333 1699543581365423129
1699543581365456813 1699543581370697141
1699543581370745782 1699543581376075537
1699543581376095856 1699543581381453493
1699543581381471577 1699543581386667682
1699543581386698230 1699543581391860029
1699543581391879616 1699543581396979940
1699543581397013664 1699543581402771665
1699543581402811329 1699543581408356219
1699543581408384512 1699543581413735297
1699543581413762478 1699543581419289133
1699543581419339338 1699543581424834454
1699543581424851787 1699543581430272353
1699543581430354437 1699543581435823164
1699543581435863029 1699543581441302059
1699543581441340091 1699543581446495990
1699543581446543690 1699543581451766634
1699543581451817490 1699543581455988127
1699543581456032150 1699543581461218517
1699543581461256518 1699543581466288304
1699543581466343217 1699543581471906140
1699543581471921439 1699543581477071737
1699543581477100762 1699543581482229549
1699543581482279293 1699543581487580184
1699543581487633514 1699543581492675750
1699543581492727938 1699543581497997009
1699543581498020824 1699543581503215065
1699543581503280237 1699543581508612567
1699543581508711383 1699543581513892209
1699543581513912097 1699543581519124221
1699543581519168013 1699543581524521583
1699543581524554596 1699543581529723309
1699543581529747725 1699543581535207685
1699543581535272086 1699543581540626347
1699543581540664850 1699543581546558204
1699543581546587549 1699543581553521390
1699543581553542359 1699543581565475403
1699543581565498276 1699543581571280161
1699543581571317642 1699543581576750731
1699543581576828798 1699543581582325136
1699543581582360884 1699543581587671163
1699543581587696150 1699543581593396452
1699543581593431407 1699543581599065044
1699543581599130006 1699543581604667272
1699543581604718468 1699543581610183477
1699543581610311127 1699543581615412914
1699543581615614112 1699543581620980778
1699543581620999954 1699543581626304622
1699543581626424518 1699543581631692948
1699543581631789149 1699543581636843266
1699543581636855559 1699543581642024232
1699543581642145139 1699543581647657818
1699543581647671594 1699543581653114963
1699543581653278651 1699543581658495093
1699543581658519890 1699543581664010828
1699543581664130703 1699543581669451593
1699543581669570647 1699543581675056516
1699543581675209984 1699543581680592478
1699543581680731379 1699543581686161554
1699543581686177043 1699543581691800550
1699543581691898254 1699543581697163839
1699543581697180580 1699543581702382005
1699543581702416059 1699543581707429660
1699543581707551659 1699543581712751992
1699543581712870134 1699543581717947225
1699543581718056049 1699543581723072946
1699543581723181991 1699543581727497802
1699543581727610944 1699543581732969915
1699543581733095852 1699543581738192148
1699543581738295202 1699543581743687695
1699543581743704587 1699543581749144239
1699543581749259706 1699543581754416096
1699543581754452334 1699543581759652686
1699543581759748356 1699543581764910968
1699543581765131402 1699543581770444747
1699543581770571415 1699543581776149908
1699543581776243634 1699543581780660975
1699543581780715237 1699543581786041676
1699543581786173714 1699543581791480076
1699543581791587969 1699543581796854205
1699543581796943593 1699543581802532555
1699543581802676786 1699543581808173165
1699543581808286839 1699543581813575086
1699543581813669944 1699543581819304392
1699543581819425420 1699543581825030002
1699543581825176477 1699543581830649742
1699543581830788292 1699543581835964700
1699543581836102358 1699543581841133273
1699543581841146357 1699543581846700494
1699543581846829637 1699543581853009020
1699543581853035099 1699543581858666601
1699543581858685356 1699543581864305407
1699543581864453065 1699543581870042819
1699543581870143959 1699543581875624888
1699543581875703877 1699543581881264396
1699543581881389892 1699543581886907550
1699543581887071028 1699543581891932794
1699543581891983509 1699543581897519382
1699543581897607287 1699543581902963693
1699543581903046218 1699543581908484668
1699543581908533840 1699543581914332076
1699543581914441712 1699543581920267159
1699543581920380432 1699543581925760913
1699543581925932705 1699543581931811634
1699543581931900771 1699543581937190882
1699543581937324513 1699543581948515843
1699543581948604500 1699543581955567455
1699543581955671521 1699543581961779568
1699543581961810917 1699543581967222136
1699543581967260808 1699543581972797052
1699543581972865691 1699543581978205606
1699543581978312226 1699543581983528168
1699543581983635830 1699543581989156534
1699543581989268865 1699543581994512078
1699543581994629769 1699543582000156075
1699543582000620808 1699543582006180776
1699543582006292245 1699543582011828629
1699543582011935430 1699543582017597059
1699543582017706895 1699543582023051089
1699543582023109228 1699543582028621196
1699543579829550956 1699543579838534567
1699543579838633824 1699543579845653475
1699543579845773401 1699543579852400654
1699543579852562478 1699543579858133447
1699543579858247261 1699543579863911095
1699543579864029677 1699543579869610074
1699543579869773821 1699543579875625417
1699543579875765340 1699543579880265477
1699543579880476924 1699543579885696042
1699543579885813112 1699543579891459933
1699543579891594186 1699543579896756456
1699543579896839102 1699543579902103655
1699543579902253226 1699543579907482964
1699543579907615423 1699543579912807479
1699543579912914961 1699543579918297356
1699543579918435285 1699543579923759340
1699543579923881700 1699543579929475422
1699543579929508424 1699543579936880407
1699543579936909020 1699543579942455663
1699543579942526316 1699543579948113936
1699543579948132892 1699543579953427772
1699543579953492303 1699543579959101393
1699543579959130158 1699543579964453491
1699543579964531217 1699543579969756667
1699543579969876382 1699543579975023504
1699543579975165320 1699543579980475319
1699543579980601837 1699543579986055866
1699543579986280037 1699543579991779551
1699543579991930705 1699543579997107674
1699543579997252667 1699543580002896031
1699543580002948781 1699543580008349990
1699543580008382591 1699543580012604816
1699543580012743336 1699543580017925935
1699543580018029700 1699543580023176552
1699543580023213311 1699543580028385421
1699543580028452126 1699543580033986857
1699543580034066406 1699543580039365714
1699543580039474990 1699543580044955649
1699543580045107384 1699543580050715162
1699543580050753775 1699543580056248260
1699543580056314815 1699543580061502643
1699543580061530065 1699543580066761135
1699543580066885338 1699543580072151445
1699543580072331343 1699543580077869590
1699543580077922009 1699543580083198344
1699543580083342264 1699543580088696485
1699543580088790061 1699543580094394753
1699543580094498388 1699543580099931849
1699543580100005407 1699543580105413790
1699543580105528085 1699543580109890032
1699543580109904820 1699543580115124970
1699543580115167479 1699543580120225765
1699543580120303811 1699543580125402392
1699543580125524211 1699543580130592486
1699543580130732038 1699543580137712655
1699543580137855183 1699543580143198785
1699543580143228511 1699543580148553167
1699543580148652554 1699543580153457854
1699543580153544156 1699543580158976404
1699543580159006931 1699543580164231499
1699543580164370801 1699543580170016230
1699543580170157806 1699543580175617826
1699543580175716662 1699543580180891867
1699543580181026640 1699543580186481481
1699543580186600124 1699543580191895455
1699543580191949256 1699543580197493525
1699543580197606978 1699543580203214455
1699543580203327988 1699543580208403145
1699543580208504666 1699543580213872724
1699543580213960338 1699543580219297879
1699543580219422623 1699543580224639376
1699543580224737160 1699543580229993327
1699543580230120676 1699543580236873767
1699543580237052282 1699543580242553721
1699543580242661243 1699543580248022547
1699543580248195683 1699543580253340210
1699543580253477559 1699543580258624641
1699543580258706074 1699543580264373864
1699543580264537432 1699543580270029121
1699543580270149227 1699543580275470287
1699543580275582518 1699543580280993906
1699543580281144359 1699543580286583160
1699543580286713304 1699543580292248676
1699543580292278993 1699543580297535561
1699543580297652992 1699543580303068348
1699543580303183144 1699543580308554668
1699543580308668281 1699543580314131037
1699543580314243688 1699543580319565700
1699543580319664275 1699543580325065605
1699543580325117402 1699543580329530786
1699543580329558237 1699543580336411956
1699543580336442003 1699543580341508274
1699543580341613311 1699543580347115561
1699543580347159553 1699543580352634101
1699543580352669608 1699543580358080305
1699543580358117625 1699543580363742104
1699543580363773183 1699543580369134729
1699543580369164445 1699543580374309984
1699543580374341894 1699543580379858079
1699543580379898916 1699543580385522584
1699543580385605189 1699543580391195244
1699543580391223818 1699543580396920332
1699543580396953565 1699543580402469570
1699543580402500498 1699543580407838229
1699543580407876601 1699543580413382558
1699543580413436359 1699543580419114519
1699543580419136270 1699543580424465195
1699543580424486815 1699543580429627926
1699543580429643195 1699543580436488708
1699543580436524245 1699543580441902021
1699543580441916438 1699543580447341293
1699543580447373924 1699543580452436347
1699543580452461314 1699543580457851864
1699543580457870338 1699543580463222375
1699543580463274093 1699543580468801620
1699543580468842958 1699543580474336752
1699543580474375755 1699543580479968895
1699543580480010504 1699543580485550113
1699543580485580701 1699543580491120391
1699543580491177478 1699543580496815975
1699543580496856461 1699543580502494435
1699543580502524762 1699543580507866570
1699543580507918848 1699543580513191617
1699543580513227825 1699543580518487398
1699543580518518156 1699543580523741782
1699543580523781677 1699543580529195621
1699543580529226569 1699543580534540224
1699543580534577675 1699543580540558744
1699543580540589382 1699543580546118442
1699543580546153007 1699543580551723555
1699543580551751487 1699543580557048973
1699543580557068078 1699543580562824085
1699543580562868829 1699543580568536439
1699543580568576625 1699543580574036325
1699543580574140260 1699543580579658820
1699543580579701991 1699543580584994317
1699543580585013653 1699543580590369628
1699543580590390998 1699543580595679586
1699543580595777440 1699543580600836527
1699543580600859309 1699543580606024777
1699543580606044564 1699543580611257209
1699543580611431907 1699543580616539866
1699543580616575703 1699543580621935806
1699543580621952728 1699543580627054195
1699543580627152058 1699543580632403527
1699543580632422242 1699543580639160184
1699543580639250294 1699543580644505148
1699543580644541346 1699543580649846616
1699543580649982691 1699543580655049983
1699543580655062076 1699543580660269912
1699543580660298406 1699543580665603466
1699543580665710797 1699543580670715642
1699543580670812905 1699543580675864017
1699543580675909723 1699543580680373571
1699543580680483137 1699543580685777216
1699543580685940563 1699543580691138731
1699543580691253526 1699543580696403183
1699543580696527397 1699543580701740854
1699543580701842625 1699543580707528530
1699543580707563636 1699543580713536490
1699543580713673468 1699543580719663053
1699543580719723376 1699543580724785388
1699543580724878383 1699543580730439283
1699543580730470242 1699543580735731588
1699543580735761094 1699543580741535004
1699543580741557596 1699543580746743111
1699543580746778007 1699543580751357833
1699543580751446930 1699543580757322712
1699543580757443028 1699543580762653059
1699543580762725555 1699543580768187649
1699543580768219158 1699543580773925451
1699543580774010972 1699543580779276177
1699543580779326542 1699543580785114348
1699543580785146378 1699543580790371877
1699543580790401553 1699543580795722762
1699543580795782725 1699543580800973710
1699543580801092884 1699543580806262639
1699543580806331949 1699543580811505862
1699543580811596542 1699543580816769323
1699543580816887765 1699543580822007396
1699543580822160744 1699543580827504626
1699543580827662122 1699543580832737520
1699543580832818782 1699543580838262332
1699543580838358633 1699543580843908001
1699543580844022306 1699543580849712268
1699543580849862551 1699543580855644396
1699543580855748241 1699543580861154730
1699543580861239309 1699543580866813144
1699543580867728945 1699543580873312327
1699543580873446359 1699543580878885981
1699543580878921748 1699543580884484641
1699543580884644963 1699543580889031506
1699543580889191026 1699543580894568691
1699543580894694307 1699543580899973638
1699543580900096409 1699543580905442435
1699543580905564815 1699543580911054161
1699543580911192411 1699543580916452836
1699543580916549638 1699543580921833877
1699543580921974562 1699543580927493954
1699543580927541854 1699543580932754259
1699543580932788473 1699543580938313606
1699543580938338983 1699543580944824971
1699543580944865007 1699543580950112057
1699543580950151922 1699543580955441422
1699543580955493169 1699543580961025525
1699543580961060391 1699543580966245174
1699543580966289097 1699543580971945977
1699543580971997313 1699543580977376241
1699543580977453176 1699543580982687833
1699543580982719022 1699543580988464037
1699543580988496378 1699543580993754759
1699543580993812398 1699543580999399737
1699543580999441926 1699543581004544295
1699543581004581766 1699543581009937079
1699543581009986862 1699543581015245634
1699543581015279197 1699543581020371016
1699543581020396173 1699543581025832941
1699543581025849411 1699543581031426462
1699543581031460556 1699543581036733825
1699543581036778409 1699543581042353084
1699543581042389803 1699543581048756107
1699543581048799118 1699543581054048042
1699543581054094749 1699543581059344945
1699543581059472635 1699543581065242057
1699543581065276732 1699543581070613951
1699543581070676128 1699543581075796390
1699543581075833550 1699543581081132337
1699543581081192931 1699543581086438368
1699543581086472071 1699543581092033192
1699543581092109215 1699543581097349573
1699543581097381703 1699543581102819652
1699543581102850249 1699543581108584464
1699543581108637624 1699543581113964024
1699543581113997387 1699543581119421219
1699543581119451446 1699543581124800407
1699543581124854419 1699543581130236332
1699543581130266839 1699543581135495095
1699543581135528928 1699543581140748086
1699543581140782160 1699543581147752879
1699543581147792203 1699543581153410721
1699543581153440627 1699543581158913301
1699543581158946874 1699543581164295806
1699543581164348074 1699543581169754674
1699543581169815378 1699543581175655823
1699543581175876077 1699543581181472254
1699543581181502300 1699543581186819612
1699543581186849178 1699543581192261378
1699543581192280564 1699543581197455669
1699543581197487930 1699543581202861007
1699543581202881475 1699543581208280641
1699543581208331497 1699543581213925539
1699543581213944484 1699543581219192427
1699543581219226360 1699543581224622571
1699543581224654591 1699543581230055871
1699543581230088542 1699543581235299875
1699543581235336474 1699543581240567404
1699543581240600656 1699543581247160463
1699543581247233611 1699543581252488566
1699543581252585067 1699543581257896238
1699543581257915113 1699543581263219651
1699543581263342071 1699543581268997629
1699543581269049336 1699543581274499869
1699543581274600959 1699543581279863748
1699543581279913051 1699543581285519737
1699543581285554753 1699543581289761248
1699543581289835287 1699543581295204046
1699543581295223492 1699543581300163465
1699543581300199954 1699543581305343059
1699543581305382643 1699543581310560974
1699543581310616489 1699543581315749374
1699543581315779240 1699543581320939066
1699543581320981586 1699543581326154046
1699543581326189613 1699543581330388033
1699543581330420594 1699543581336736492
1699543581336765136 1699543581342207664
1699543581342259732 1699543581348886655
1699543581348954553 1699543581354286001
1699543581354337027 1699543581360062306
1699543581360095278 1699543581365322811
1699543581365364459 1699543581370830381
1699543581370945547 1699543581376260044
1699543581376278910 1699543581381480594
1699543581381546668 1699543581386884169
1699543581386924976 1699543581392050898
1699543581392091194 1699543581397298128
1699543581397326862 1699543581402808985
1699543581402845473 1699543581408328427
1699543581408415410 1699543581413870110
1699543581413896149 1699543581419327345
1699543581419345950 1699543581424854211
1699543581424871584 1699543581430237948
1699543581430268496 1699543581435743273
1699543581435772508 1699543581441143040
1699543581441152298 1699543581446401582
1699543581446429615 1699543581451765111
1699543581451782664 1699543581457016660
1699543581457033943 1699543581462331057
1699543581462384588 1699543581467750822
1699543581467794815 1699543581472691686
1699543581472733184 1699543581478160343
1699543581478230414 1699543581483484037
1699543581483528560 1699543581488765913
1699543581488804886 1699543581494171541
1699543581494197770 1699543581499490035
1699543581499508179 1699543581504754968
1699543581504805223 1699543581510003682
1699543581510035451 1699543581515169830
1699543581515218091 1699543581520529251
1699543581520564998 1699543581525753459
1699543581525784918 1699543581531039573
1699543581531077464 1699543581536156187
1699543581536195622 1699543581541405902
1699543581541432362 1699543581546990877
1699543581547051140 1699543581553762964
1699543581553789914 1699543581562555526
1699543581562604428 1699543581566841119
1699543581566883118 1699543581572253010
1699543581572286803 1699543581577396264
1699543581577427413 1699543581582677779
1699543581582696825 1699543581587908549
1699543581587947632 1699543581593438841
1699543581593509674 1699543581598177947
1699543581598214606 1699543581603497724
1699543581603521218 1699543581608653973
1699543581608687827 1699543581613779715
1699543581613821173 1699543581619005566
1699543581619037596 1699543581624408179
1699543581624442964 1699543581629577022
1699543581629616967 1699543581634769128
1699543581634804875 1699543581640112419
1699543581640148327 1699543581645268598
1699543581645292092 1699543581650707860
1699543581650731475 1699543581656045701
1699543581656066069 1699543581661337234
1699543581661381928 1699543581666603530
1699543581666632755 1699543581671920002
1699543581671940059 1699543581677630112
1699543581677651963 1699543581682946963
1699543581682971910 1699543581688343363
1699543581688376786 1699543581693472352
1699543581693490476 1699543581698626608
1699543581698663367 1699543581703927459
1699543581703948428 1699543581709262524
1699543581709283964 1699543581714398606
1699543581714417031 1699543581719675292
1699543581719729043 1699543581725158536
1699543581725186739 1699543581730449609
1699543581730471260 1699543581735860978
1699543581735892837 1699543581741116574
1699543581741139477 1699543581746392989
1699543581746434356 1699543581753397191
1699543581753414794 1699543581759285226
1699543581759319420 1699543581764757590
1699543581764787446 1699543581770346152
1699543581770375888 1699543581775726071
1699543581775744947 1699543581781065214
1699543581781097315 1699543581786313857
1699543581786337411 1699543581791619578
1699543581791650867 1699543581797025276
1699543581797049642 1699543581802584643
1699543581802639265 1699543581807946599
1699543581807969963 1699543581813496939
1699543581813524200 1699543581818744159
1699543581818763977 1699543581824042616
1699543581824053477 1699543581829442223
1699543581829468312 1699543581835029031
1699543581835059248 1699543581840285910
1699543581840319473 1699543581845679586
1699543581845738486 1699543581852598879
1699543581852632442 1699543581858135102
1699543581858158226 1699543581863744634
1699543581863767026 1699543581869342593
1699543581869375274 1699543581874812121
1699543581874823432 1699543581880149171
1699543581880205466 1699543581885682008
1699543581885709229 1699543581891794965
1699543581891816095 1699543581897464229
1699543581897493504 1699543581903155493
1699543581903191270 1699543581909020525
1699543581909056923 1699543581914679219
1699543581914713353 1699543581920071992
1699543581920100907 1699543581925532674
1699543581925687715 1699543581931249878
1699543581931314610 1699543581936688829
1699543581936724656 1699543581942126186
1699543581942160591 1699543581955557456
1699543581955584948 1699543581961169672
1699543581961208776 1699543581966936669
1699543581966967237 1699543581972312321
1699543581972355813 1699543581977689526
1699543581977735082 1699543581983305289
1699543581983362016 1699543581989002174
1699543581989045566 1699543581994431497
1699543581994481721 1699543582000105299
1699543582000213803 1699543582006586929
1699543582006643906 1699543582012218081
1699543582012268566 1699543582017652794
1699543582017675647 1699543582022983812
1699543582023001786 1699543582028560441
1699543582028594325 1699543582033970317
1699543579829253948 1699543579839530108
1699543579839658790 1699543579846394338
1699543579846437388 1699543579852233670
1699543579852328048 1699543579857704461
1699543579857738314 1699543579863404673
1699543579863469785 1699543579869128849
1699543579869164917 1699543579874861933
1699543579874891699 1699543579880281487
1699543579880311964 1699543579885938388
1699543579885957774 1699543579891864183
1699543579891876947 1699543579897123596
1699543579897174221 1699543579902693373
1699543579902712399 1699543579907966102
1699543579907986991 1699543579913308721
1699543579913319071 1699543579918446846
1699543579918500217 1699543579923914853
1699543579923943837 1699543579929293700
1699543579929326131 1699543579936452603
1699543579936513166 1699543579942084285
1699543579942108030 1699543579947700920
1699543579947734744 1699543579953426299
1699543579953487254 1699543579958891629
1699543579958929631 1699543579964079208
1699543579964114745 1699543579969386912
1699543579969408232 1699543579974876788
1699543579974940498 1699543579980415456
1699543579980451394 1699543579986026821
1699543579986114376 1699543579991699110
1699543579991734998 1699543579997082808
1699543579997116711 1699543580002480651
1699543580002508062 1699543580007804475
1699543580007838108 1699543580013634922
1699543580013658005 1699543580019108327
1699543580019183619 1699543580024582254
1699543580024616788 1699543580029636161
1699543580029675585 1699543580036197120
1699543580036234831 1699543580041779340
1699543580041815458 1699543580046993038
1699543580047029927 1699543580052358220
1699543580052377676 1699543580057445490
1699543580057501956 1699543580062671470
1699543580062727836 1699543580067787063
1699543580067833009 1699543580072895413
1699543580072934256 1699543580078311290
1699543580078332340 1699543580083518916
1699543580083550506 1699543580088829145
1699543580088848211 1699543580094127902
1699543580094159181 1699543580099221184
1699543580099268773 1699543580104605682
1699543580104643793 1699543580110441819
1699543580110459101 1699543580116020282
1699543580116049226 1699543580122446518
1699543580122628139 1699543580127862035
1699543580127898122 1699543580133051256
1699543580133091211 1699543580137119761
1699543580137174474 1699543580142337917
1699543580142431182 1699543580147662363
1699543580147702378 1699543580152987410
1699543580153029118 1699543580158258354
1699543580158293360 1699543580163473846
1699543580163539208 1699543580168665702
1699543580168717579 1699543580173783198
1699543580173827982 1699543580178979013
1699543580179036491 1699543580184218248
1699543580184251450 1699543580189338900
1699543580189368907 1699543580194610166
1699543580194658758 1699543580200237341
1699543580200279800 1699543580205426241
1699543580205446088 1699543580210829275
1699543580210859341 1699543580216716728
1699543580216760150 1699543580222086910
1699543580222108651 1699543580227890686
1699543580227914521 1699543580231944754
1699543580231963179 1699543580237045550
1699543580237071028 1699543580242642447
1699543580242738818 1699543580247951624
1699543580247983323 1699543580253154862
1699543580253176072 1699543580258267199
1699543580258299520 1699543580263519008
1699543580263538515 1699543580268714611
1699543580268744307 1699543580273879738
1699543580273916016 1699543580279049262
1699543580279097292 1699543580284402301
1699543580284461031 1699543580290062108
1699543580290094869 1699543580296424874
1699543580296454660 1699543580301628352
1699543580301659621 1699543580306681999
1699543580306714630 1699543580312067358
1699543580312084801 1699543580317376286
1699543580317426470 1699543580321863588
1699543580321896149 1699543580327050004
1699543580327070322 1699543580332055590
1699543580332081759 1699543580337254139
1699543580337274888 1699543580342517490
1699543580342547196 1699543580347858858
1699543580347878344 1699543580352493627
1699543580352534023 1699543580357831177
1699543580357852377 1699543580363085911
1699543580363116759 1699543580368694872
1699543580368725319 1699543580374203764
1699543580374238780 1699543580379905408
1699543580379966944 1699543580385365418
1699543580385402178 1699543580391085308
1699543580391141223 1699543580396423859
1699543580396459847 1699543580401783711
1699543580401828335 1699543580408134676
1699543580408179641 1699543580413526428
1699543580413561995 1699543580418953206
1699543580418986699 1699543580424320553
1699543580424349728 1699543580430033168
1699543580430225749 1699543580436968650
1699543580436979721 1699543580442090114
1699543580442118257 1699543580447388782
1699543580447425371 1699543580452796865
1699543580452840256 1699543580458121450
1699543580458175361 1699543580463481833
1699543580463538209 1699543580469171405
1699543580469222160 1699543580474596650
1699543580474660360 1699543580480065397
1699543580480099541 1699543580485529184
1699543580485564100 1699543580491163181
1699543580491178460 1699543580496638802
1699543580496676973 1699543580501934343
1699543580501982904 1699543580507519588
1699543580507550356 1699543580512811743
1699543580512840316 1699543580518113185
1699543580518150836 1699543580523638649
1699543580523700795 1699543580529234795
1699543580529265412 1699543580534641314
1699543580534662755 1699543580541068853
1699543580541103087 1699543580546520407
1699543580546580640 1699543580551826338
1699543580551870181 1699543580557119425
1699543580557163648 1699543580562835807
1699543580562868097 1699543580567240644
1699543580567269629 1699543580572497763
1699543580572532779 1699543580577639125
1699543580577670664 1699543580582953412
1699543580582985823 1699543580588225449
1699543580588260515 1699543580593393099
1699543580593434627 1699543580598995858
1699543580599024942 1699543580604588988
1699543580604627441 1699543580609898185
1699543580609929715 1699543580615227089
1699543580615260973 1699543580620386234
1699543580620429145 1699543580624641080
1699543580624676386 1699543580630132489
1699543580630180469 1699543580635809648
1699543580635847699 1699543580640919370
1699543580640968603 1699543580646083304
1699543580646110876 1699543580651156757
1699543580651192976 1699543580656266419
1699543580656304140 1699543580661456432
1699543580661495486 1699543580666655022
1699543580666706769 1699543580671804158
1699543580671855604 1699543580677121169
1699543580677157557 1699543580682550041
1699543580682615985 1699543580688007036
1699543580688028666 1699543580693289472
1699543580693299201 1699543580699255974
1699543580699320355 1699543580704570060
1699543580704610446 1699543580710004413
1699543580710045480 1699543580716057127
1699543580716119073 1699543580721235297
1699543580721273830 1699543580726701449
1699543580726731716 1699543580732045041
1699543580732084685 1699543580737287552
1699543580737320835 1699543580742613961
1699543580742658475 1699543580747863587
1699543580747899765 1699543580753194745
1699543580753226454 1699543580758310498
1699543580758346896 1699543580763520729
1699543580763568990 1699543580768544931
1699543580768578103 1699543580774068079
1699543580774115799 1699543580779401492
1699543580779477756 1699543580784775741
1699543580784831696 1699543580789930287
1699543580789965944 1699543580795284248
1699543580795324384 1699543580800638049
1699543580800707710 1699543580805861766
1699543580805893275 1699543580811300235
1699543580811328368 1699543580816518171
1699543580816561783 1699543580821590142
1699543580821636429 1699543580827080058
1699543580827110666 1699543580832065767
1699543580832127694 1699543580837590319
1699543580837645272 1699543580843947055
1699543580843998822 1699543580849581192
1699543580849641034 1699543580855333852
1699543580855391220 1699543580861212930
1699543580861242405 1699543580867337880
1699543580867494424 1699543580873332285
1699543580873413848 1699543580878910296
1699543580878951584 1699543580884379654
1699543580884415281 1699543580889923412
1699543580889938531 1699543580895488690
1699543580895541009 1699543580900995608
1699543580901024142 1699543580906917707
1699543580906938897 1699543580912370094
1699543580912390352 1699543580918172056
1699543580918191292 1699543580924000899
1699543580924032469 1699543580929304456
1699543580929324634 1699543580934870936
1699543580934898128 1699543580940317080
1699543580940337088 1699543580945622781
1699543580945654009 1699543580950962465
1699543580950980279 1699543580956196932
1699543580956226818 1699543580961448079
1699543580961500588 1699543580966723774
1699543580966754642 1699543580971998556
1699543580972011480 1699543580977357225
1699543580977404194 1699543580982916933
1699543580982959383 1699543580988480538
1699543580988526765 1699543580993900774
1699543580993967709 1699543580998424064
1699543580998448700 1699543581003813061
1699543581003842787 1699543581009279954
1699543581009299892 1699543581014797132
1699543581014832187 1699543581020456777
1699543581020469721 1699543581025783377
1699543581025824735 1699543581031251212
1699543581031289274 1699543581036919253
1699543581036950833 1699543581042625516
1699543581042701719 1699543581048601677
1699543581048628206 1699543581054028305
1699543581054053913 1699543581059446586
1699543581059481231 1699543581065108025
1699543581065154011 1699543581070559048
1699543581070588944 1699543581076052441
1699543581076077658 1699543581081224941
1699543581081259676 1699543581086558334
1699543581086577059 1699543581091950417
1699543581091987507 1699543581097541924
1699543581097584374 1699543581102871369
1699543581102897137 1699543581108507239
1699543581108546874 1699543581114426413
1699543581114459726 1699543581119820189
1699543581119871154 1699543581125716619
1699543581125757436 1699543581131179184
1699543581131221283 1699543581136700650
1699543581136723964 1699543581142244999
1699543581142324748 1699543581148114208
1699543581148133294 1699543581153666802
1699543581153686900 1699543581159279048
1699543581159319555 1699543581164887057
1699543581164916342 1699543581170184161
1699543581170226230 1699543581175637489
1699543581175686150 1699543581181450994
1699543581181475901 1699543581186776882
1699543581186879815 1699543581192306473
1699543581192340367 1699543581197812730
1699543581197843377 1699543581203331281
1699543581203388388 1699543581208633665
1699543581208666556 1699543581214037439
1699543581214067966 1699543581219365762
1699543581219395438 1699543581224743818
1699543581224773424 1699543581229981441
1699543581230013461 1699543581235178267
1699543581235218272 1699543581240347430
1699543581240381184 1699543581245448867
1699543581245488171 1699543581250668044
1699543581250686649 1699543581256114119
1699543581256141300 1699543581260376609
1699543581260417385 1699543581265449782
1699543581265518451 1699543581270729133
1699543581270763708 1699543581276307866
1699543581276365735 1699543581281679120
1699543581281716119 1699543581287354425
1699543581287384021 1699543581292610853
1699543581292655346 1699543581298156704
1699543581298205025 1699543581303471823
1699543581303509804 1699543581308688606
1699543581308722499 1699543581313879069
1699543581313928673 1699543581319197233
1699543581319229824 1699543581324340799
1699543581324370805 1699543581330446953
1699543581330534267 1699543581335999537
1699543581336029083 1699543581341855392
1699543581341896940 1699543581349044432
1699543581349067254 1699543581354415074
1699543581354457533 1699543581359887978
1699543581359918966 1699543581365219016
1699543581365249383 1699543581370732407
1699543581370767343 1699543581376210812
1699543581376229437 1699543581381845891
1699543581381942292 1699543581387134559
1699543581387158555 1699543581392575804
1699543581392609417 1699543581397923844
1699543581397951456 1699543581403067390
1699543581403091916 1699543581408341952
1699543581408400692 1699543581413856715
1699543581413906058 1699543581419325912
1699543581419395012 1699543581424799058
1699543581424835155 1699543581430261112
1699543581430298121 1699543581435555831
1699543581435585527 1699543581441170742
1699543581441206450 1699543581446528371
1699543581446576391 1699543581450900987
1699543581450953486 1699543581456313549
1699543581456346381 1699543581461470330
1699543581461530683 1699543581467068440
1699543581467085812 1699543581472448339
1699543581472468948 1699543581477820685
1699543581477832076 1699543581482893307
1699543581482932260 1699543581488061539
1699543581488078761 1699543581493206758
1699543581493246392 1699543581498417880
1699543581498429412 1699543581503482437
1699543581503500511 1699543581508626353
1699543581508642183 1699543581514553242
1699543581514604027 1699543581519860515
1699543581519889910 1699543581525121721
1699543581525140687 1699543581530485852
1699543581530506521 1699543581535989274
1699543581536010584 1699543581541485081
1699543581541511350 1699543581547013390
1699543581547027246 1699543581553580100
1699543581553595158 1699543581565703512
1699543581565811615 1699543581571069997
1699543581571102798 1699543581576583838
1699543581576609456 1699543581582645509
1699543581582678921 1699543581588110158
1699543581588128192 1699543581593375041
1699543581593415447 1699543581598983220
1699543581599018607 1699543581604291516
1699543581604318697 1699543581609739082
1699543581609770892 1699543581615117409
1699543581615141644 1699543581620439941
1699543581620457825 1699543581625659009
1699543581625676833 1699543581630874810
1699543581630891231 1699543581636126329
1699543581636149963 1699543581641270736
1699543581641286616 1699543581646424080
1699543581646452513 1699543581652727315
1699543581652760097 1699543581658162458
1699543581658219225 1699543581663524534
1699543581663545654 1699543581668773849
1699543581668806971 1699543581672836955
1699543581672857824 1699543581678257230
1699543581678279542 1699543581683728321
1699543581683746495 1699543581689359182
1699543581689377857 1699543581694789858
1699543581694809705 1699543581700447249
1699543581700476905 1699543581705983653
1699543581706010333 1699543581711345589
1699543581711362190 1699543581716757960
1699543581716788036 1699543581722008606
1699543581722026019 1699543581727194862
1699543581727211774 1699543581732600471
1699543581732627812 1699543581737809098
1699543581737835829 1699543581743010823
1699543581743031482 1699543581748175188
1699543581748200085 1699543581753731549
1699543581753760965 1699543581759111830
1699543581759159850 1699543581764865663
1699543581764884408 1699543581770419499
1699543581770439106 1699543581775779762
1699543581775814217 1699543581781210407
1699543581781257215 1699543581786680977
1699543581786721193 1699543581791941603
1699543581791954738 1699543581797677642
1699543581797702919 1699543581803046090
1699543581803075946 1699543581808334759
1699543581808372199 1699543581813726170
1699543581813748171 1699543581819032531
1699543581819082124 1699543581824707065
1699543581824755246 1699543581830478941
1699543581830526260 1699543581836006188
1699543581836064026 1699543581841362744
1699543581841393862 1699543581846938191
1699543581846978447 1699543581853128835
1699543581853183057 1699543581858752282
1699543581858800192 1699543581864338349
1699543581864370590 1699543581870173554
1699543581870197048 1699543581874728584
1699543581874760785 1699543581880070633
1699543581880100148 1699543581885511146
1699543581885573624 1699543581891519006
1699543581891541068 1699543581897547936
1699543581897607257 1699543581903091072
1699543581903126890 1699543581909022288
1699543581909053357 1699543581914649954
1699543581914682284 1699543581920267109
1699543581920293779 1699543581925768357
1699543581925787723 1699543581931368711
1699543581931460604 1699543581937065617
1699543581937101925 1699543581948811769
1699543581948854349 1699543581955465704
1699543581955495931 1699543581961082629
1699543581961108237 1699543581966745029
1699543581966774154 1699543581972264701
1699543581972294898 1699543581977685739
1699543581977704755 1699543581983197657
1699543581983227383 1699543581988597985
1699543581988632870 1699543581994082972
1699543581994172941 1699543581999521041
1699543581999572228 1699543582004977825
1699543582005013573 1699543582010868174
1699543582010889594 1699543582016405099
1699543582016429324 1699543582021816098
