1701053467698225047 1701053467715083387
1701053467715455420 1701053467726941465
1701053467727452533 1701053467736868356
1701053467737269336 1701053467747251559
1701053467747596381 1701053467757335850
1701053467757664393 1701053467767547753
1701053467767973853 1701053467777394477
1701053467777874044 1701053467787789413
1701053467788226883 1701053467797110439
1701053467797547972 1701053467807242088
1701053467807589717 1701053467817579411
1701053467817828131 1701053467827724293
1701053467828126628 1701053467837908911
1701053467838253564 1701053467847853301
1701053467848348075 1701053467858174315
1701053467858546598 1701053467868582113
1701053467869052020 1701053467879492636
1701053467880495682 1701053467891196776
1701053467892067345 1701053467903098816
1701053467903820072 1701053467915896090
1701053467917012778 1701053467930265798
1701053467931858089 1701053467945545097
1701053467946925818 1701053467961830195
1701053467963846432 1701053467981999923
1701053467984132650 1701053468001923645
1701053468004447555 1701053468014219667
1701053468014585607 1701053468024245040
1701053468024586229 1701053468035434795
1701053468035878704 1701053468045215505
1701053468045583973 1701053468055430961
1701053468055762600 1701053468065773660
1701053468066351681 1701053468076071592
1701053468076482381 1701053468085895363
1701053468086405176 1701053468095578897
1701053468095986022 1701053468106576471
1701053468107227301 1701053468116365801
1701053468116812579 1701053468126801814
1701053468127221058 1701053468136850537
1701053468137478059 1701053468148701450
1701053468149266973 1701053468159317195
1701053468159723862 1701053468169893160
1701053468170328569 1701053468180370794
1701053468180971285 1701053468191389419
1701053468192525643 1701053468203521552
1701053468204289454 1701053468216148318
1701053468217587548 1701053468229949911
1701053468231459654 1701053468246265167
1701053468247766370 1701053468263397185
1701053468265267757 1701053468280495148
1701053468282697964 1701053468301043566
1701053468303721225 1701053468323061326
1701053468325765175 1701053468346765947
1701053468349509089 1701053468372293023
1701053468375131470 1701053468399795778
1701053468402990053 1701053468429579463
1701053468433123099 1701053468461393993
1701053468464934136 1701053468542496038
1701053468550733844 1701053468618905924
1701053468627427531 1701053468699194649
1701053468708238329 1701053468782067831
1701053468791530759 1701053468867516449
1701053468877167361 1701053468958090078
1701053468968298485 1701053469034341568
1701053469034545449 1701053469044965502
1701053469045344961 1701053469055079204
1701053469055491463 1701053469065113983
1701053469065487331 1701053469075510791
1701053469076040197 1701053469085651708
1701053469086054872 1701053469095255247
1701053469095649049 1701053469104809006
1701053469105304708 1701053469114856358
1701053469115156751 1701053469125129867
1701053469125484283 1701053469134700923
1701053469135181940 1701053469144281003
1701053469144761416 1701053469154264166
1701053469154833451 1701053469164037452
1701053469164439681 1701053469174194266
1701053469174694010 1701053469184249246
1701053469184822798 1701053469194539698
1701053469195036565 1701053469204988170
1701053469205236934 1701053469216035867
1701053469216855212 1701053469227990150
1701053469228669326 1701053469240707632
1701053469241594262 1701053469255613309
1701053469257068010 1701053469271564491
1701053469273058017 1701053469288480734
1701053469290243766 1701053469307471737
1701053469309439897 1701053469328074580
1701053469330499580 1701053469349144391
1701053469351895420 1701053469374529826
1701053469377387093 1701053469401835278
1701053469404822884 1701053469430025731
1701053469433260536 1701053469460955220
1701053469464652986 1701053469494118514
1701053469497928227 1701053469529502447
1701053469533323940 1701053469566602499
1701053469570768681 1701053469606201479
1701053469610787996 1701053469648490964
1701053469653303117 1701053469694203060
1701053469699161118 1701053469742467540
1701053469748186899 1701053469793560855
1701053469799454852 1701053469848432515
1701053469854705741 1701053469906773036
1701053469913605147 1701053469968508667
1701053469975559733 1701053470033547507
1701053470040910422 1701053470068568937
1701053470068982332 1701053470077765474
1701053470078098208 1701053470086857932
1701053470087218647 1701053470096272316
1701053470096677528 1701053470105465012
1701053470105820218 1701053470115137001
1701053470115501931 1701053470124899051
1701053470125279318 1701053470135203773
1701053470135607016 1701053470145125955
1701053470145487010 1701053470155596640
1701053470156056076 1701053470165975473
1701053470166394652 1701053470176346988
1701053470176742122 1701053470185971079
1701053470186450491 1701053470196111100
1701053470196820878 1701053470206730434
1701053470207192814 1701053470216456133
1701053470217251743 1701053470226549773
1701053470227777963 1701053470237734369
1701053470238616476 1701053470249637910
1701053470250301812 1701053470262226436
1701053470263356071 1701053470276838562
1701053470277908553 1701053470291996847
1701053470293454214 1701053470308472173
1701053470309866965 1701053470326358534
1701053470328399070 1701053470345806961
1701053470348237272 1701053470367462021
1701053470369953230 1701053470390493170
1701053470393528957 1701053470416256631
1701053470419192613 1701053470441170155
1701053470443152874 1701053470468629896
1701053470471694181 1701053470499509439
1701053470502809543 1701053470532946089
1701053470536922664 1701053470568947884
1701053470572851258 1701053470606502227
1701053470610762580 1701053470647142549
1701053470651585304 1701053470689954435
1701053470694889394 1701053470735912702
1701053470741154761 1701053470784460346
1701053470790109652 1701053470836420369
1701053470842326783 1701053470892549134
1701053470898809504 1701053470950854879
1701053470957531485 1701053471012866054
1701053471019952833 1701053471078000590
1701053471085566555 1701053471099707885
1701053471099997251 1701053471108806969
1701053471109120989 1701053471117794622
1701053471118255601 1701053471127811729
1701053471128069899 1701053471136704896
1701053471136934018 1701053471145622586
1701053471146006321 1701053471154468268
1701053471154905036 1701053471163586551
1701053471163930887 1701053471172571812
1701053471172944863 1701053471181628473
1701053471182041105 1701053471190501138
1701053471190912371 1701053471199148110
1701053471199491323 1701053471207543244
1701053471207844059 1701053471216691968
1701053471217138572 1701053471225910414
1701053471226322919 1701053471235068846
1701053471235620457 1701053471244830842
1701053471245540205 1701053471255547710
1701053471255951013 1701053471266506734
1701053471267222152 1701053471277997896
1701053471279086969 1701053471292273162
1701053471293131691 1701053471307280860
1701053471309121290 1701053471323220966
1701053471325235345 1701053471341298612
1701053471343464021 1701053471361254267
1701053471363613503 1701053471383164892
1701053471385693855 1701053471406655832
1701053471409393373 1701053471432832260
1701053471435587775 1701053471461112770
1701053471464300563 1701053471492222824
1701053471495570407 1701053471524263168
1701053471527837896 1701053471558189282
1701053471562012370 1701053471594537549
1701053471598564052 1701053471632861431
1701053471637288961 1701053471674826806
1701053471679467128 1701053471719915324
1701053471724916808 1701053471768175471
1701053471773572849 1701053471819112615
1701053471824869901 1701053471873162978
1701053471879102418 1701053471930243918
1701053471936704623 1701053471990629131
1701053471997334466 1701053472055473959
1701053472062587773 1701053472123385626
1701053472123686299 1701053472132870898
1701053472133162566 1701053472142532277
1701053472142787515 1701053472152199052
1701053472152475612 1701053472161638044
1701053472162030355 1701053472170794385
1701053472171151169 1701053472179623182
1701053472180050321 1701053472188619854
1701053472188968222 1701053472197715886
1701053472198037958 1701053472206886456
1701053467698256161 1701053467715129955
1701053467715440105 1701053467726298903
1701053467726715353 1701053467736739209
1701053467737011531 1701053467747114248
1701053467747557628 1701053467757540065
1701053467757942082 1701053467767653121
1701053467768023658 1701053467777373670
1701053467777890216 1701053467787192389
1701053467787686801 1701053467796984111
1701053467797386172 1701053467807397826
1701053467807655659 1701053467817710585
1701053467818174399 1701053467827467819
1701053467827790403 1701053467837860394
1701053467838133421 1701053467847964574
1701053467848702549 1701053467859076953
1701053467859974245 1701053467869501456
1701053467870098612 1701053467879813995
1701053467880371711 1701053467890846291
1701053467892209680 1701053467903954792
1701053467904981505 1701053467917154576
1701053467918024929 1701053467931931947
1701053467933059701 1701053467947024126
1701053467948232248 1701053467963901124
1701053467965567813 1701053467981954056
1701053467984204266 1701053468001904127
1701053468004438076 1701053468014399634
1701053468014686170 1701053468024373443
1701053468024630300 1701053468035290994
1701053468035671944 1701053468045303137
1701053468045890745 1701053468055478051
1701053468055942974 1701053468065748995
1701053468066381027 1701053468076004909
1701053468076435914 1701053468085558427
1701053468085892494 1701053468095465387
1701053468095812057 1701053468105525527
1701053468105866132 1701053468115925434
1701053468116189514 1701053468126435440
1701053468126752558 1701053468137255184
1701053468137691769 1701053468147478362
1701053468148014031 1701053468157795891
1701053468158365887 1701053468168039694
1701053468168481764 1701053468178976726
1701053468179527265 1701053468190674348
1701053468191347685 1701053468202537679
1701053468203017778 1701053468215369335
1701053468216140649 1701053468229106954
1701053468229925633 1701053468244003897
1701053468244899834 1701053468260194500
1701053468261237414 1701053468280642056
1701053468282841169 1701053468301095497
1701053468303728854 1701053468323085857
1701053468325749931 1701053468346928941
1701053468349745604 1701053468372275542
1701053468375204951 1701053468399825316
1701053468402979386 1701053468429611559
1701053468432975140 1701053468461328888
1701053468464986484 1701053468542673100
1701053468550956138 1701053468618850882
1701053468627319722 1701053468698988577
1701053468708035903 1701053468782038238
1701053468791392841 1701053468867623483
1701053468877099390 1701053468958016936
1701053468968202738 1701053469034340394
1701053469034558565 1701053469044970139
1701053469045255692 1701053469055168332
1701053469055604023 1701053469065307696
1701053469065628007 1701053469075449718
1701053469075693394 1701053469085319403
1701053469085588760 1701053469095000797
1701053469095322885 1701053469104743661
1701053469105287097 1701053469115216001
1701053469115666129 1701053469125292127
1701053469125643607 1701053469135099613
1701053469135429989 1701053469144970521
1701053469145479984 1701053469154628529
1701053469155078738 1701053469164725844
1701053469165223007 1701053469175152728
1701053469175608905 1701053469184956875
1701053469185527376 1701053469195136118
1701053469195789220 1701053469205797312
1701053469206572754 1701053469216914543
1701053469217934158 1701053469229756111
1701053469230768792 1701053469242911426
1701053469243975218 1701053469257090438
1701053469258854703 1701053469273000343
1701053469274739715 1701053469290316151
1701053469292344241 1701053469309595480
1701053469311840102 1701053469330590739
1701053469332805423 1701053469351952957
1701053469354660977 1701053469377395671
1701053469380345496 1701053469404697596
1701053469407797025 1701053469433330050
1701053469436732324 1701053469464871773
1701053469468380030 1701053469497906260
1701053469501644417 1701053469533318038
1701053469537284711 1701053469570765163
1701053469575079943 1701053469610749997
1701053469615249695 1701053469653493986
1701053469658472213 1701053469699219953
1701053469704539745 1701053469747782225
1701053469753578737 1701053469799519644
1701053469805292586 1701053469854816677
1701053469861007634 1701053469913393941
1701053469920178196 1701053469975358731
1701053469982507126 1701053470041027624
1701053470048319639 1701053470069315026
1701053470069672521 1701053470079451851
1701053470079801822 1701053470088715767
1701053470089061133 1701053470097825922
1701053470098161032 1701053470107164072
1701053470107470152 1701053470115969761
1701053470116307924 1701053470125361357
1701053470125711780 1701053470135394545
1701053470135737421 1701053470145299644
1701053470145765983 1701053470155586767
1701053470156232657 1701053470165517822
1701053470165931597 1701053470175679197
1701053470176042273 1701053470185433325
1701053470185868380 1701053470195959694
1701053470196440999 1701053470205839805
1701053470206375393 1701053470216049064
1701053470216603790 1701053470227275972
1701053470227832181 1701053470238416809
1701053470239756114 1701053470251590537
1701053470252654558 1701053470264929509
1701053470265774861 1701053470279255834
1701053470280141789 1701053470293630966
1701053470295465735 1701053470310046880
1701053470311954296 1701053470328091590
1701053470330268466 1701053470348221683
1701053470350510695 1701053470369905892
1701053470372393465 1701053470393359930
1701053470395993621 1701053470419198944
1701053470422072068 1701053470452439691
1701053470455522964 1701053470481782009
1701053470485234707 1701053470513905962
1701053470517635813 1701053470548710416
1701053470552556627 1701053470585410798
1701053470589474393 1701053470624334018
1701053470628947289 1701053470665771015
1701053470670444529 1701053470710246750
1701053470715154144 1701053470757323109
1701053470762556380 1701053470807307721
1701053470813048128 1701053470860820459
1701053470866936148 1701053470918107979
1701053470924701309 1701053470977865055
1701053470984864921 1701053471041269384
1701053471048671538 1701053471095017615
1701053471095521256 1701053471104453685
1701053471104801839 1701053471113523132
1701053471113886667 1701053471122547996
1701053471122905043 1701053471131624584
1701053471132011122 1701053471140757324
1701053471141381296 1701053471150362803
1701053471150620326 1701053471159333075
1701053471159584033 1701053471167889820
1701053471168115105 1701053471176350945
1701053471176906871 1701053471185273409
1701053471185499458 1701053471194303548
1701053471194587271 1701053471202804962
1701053471203122136 1701053471211451841
1701053471212003937 1701053471220540235
1701053471220785883 1701053471229365412
1701053471229694256 1701053471238922767
1701053471239428892 1701053471248332112
1701053471248900928 1701053471259426474
1701053471260050660 1701053471271128517
1701053471271815583 1701053471283911785
1701053471284709923 1701053471296834939
1701053471297794617 1701053471311701712
1701053471313122920 1701053471328574343
1701053471330388388 1701053471347704251
1701053471349975848 1701053471368334733
1701053471371063750 1701053471390833565
1701053471393506528 1701053471415258262
1701053471418198530 1701053471441688880
1701053471444766544 1701053471471968924
1701053471475347636 1701053471502675088
1701053471506147012 1701053471535515493
1701053471539271884 1701053471570117793
1701053471574240566 1701053471607261971
1701053471611334769 1701053471647007794
1701053471651473369 1701053471689565916
1701053471694650520 1701053471735417373
1701053471741240406 1701053471785049497
1701053471790564483 1701053471837105119
1701053471842983801 1701053471891536396
1701053471897835851 1701053471950355768
1701053471956943778 1701053472011234821
1701053472018393761 1701053472077615355
1701053472085177920 1701053472125772402
1701053472126098272 1701053472134233211
1701053472134622542 1701053472143304081
1701053472143667228 1701053472152527099
1701053472152768386 1701053472161713732
1701053472162057843 1701053472170824508
1701053472171219660 1701053472179828062
1701053472180170778 1701053472188651989
1701053472189050542 1701053472197827550
1701053472198229070 1701053472206962310
1701053467698331751 1701053467715176990
1701053467715527873 1701053467726937882
1701053467727435119 1701053467737160925
1701053467737589870 1701053467747708698
1701053467748140977 1701053467757434491
1701053467757807335 1701053467767415473
1701053467767679071 1701053467777248746
1701053467777639248 1701053467786999088
1701053467787508980 1701053467796970599
1701053467797242537 1701053467807187700
1701053467807573641 1701053467817647041
1701053467817893783 1701053467827511311
1701053467827882508 1701053467837748080
1701053467837999139 1701053467847977316
1701053467848668671 1701053467858340039
1701053467859161941 1701053467868899469
1701053467869303860 1701053467879069862
1701053467879729541 1701053467891266279
1701053467892171177 1701053467903884422
1701053467904997464 1701053467917198520
1701053467918064313 1701053467931932184
1701053467933322787 1701053467948305184
1701053467949602492 1701053467965644580
1701053467967394013 1701053467984122798
1701053467986494097 1701053468004377728
1701053468004715648 1701053468014457543
1701053468014919773 1701053468024556898
1701053468024803086 1701053468035431424
1701053468035766090 1701053468045289156
1701053468045682108 1701053468055359393
1701053468055655607 1701053468064832754
1701053468065397451 1701053468075178544
1701053468075430200 1701053468085247853
1701053468085644673 1701053468095335494
1701053468095675057 1701053468105517512
1701053468106062478 1701053468115940316
1701053468116423955 1701053468126835418
1701053468127316755 1701053468137477697
1701053468137937919 1701053468147616231
1701053468148264492 1701053468158310915
1701053468159233971 1701053468168554352
1701053468169086587 1701053468180364656
1701053468180941335 1701053468192558397
1701053468193297303 1701053468204404362
1701053468205338418 1701053468216153605
1701053468217684508 1701053468229967106
1701053468231538989 1701053468245113934
1701053468246205345 1701053468261242195
1701053468263334357 1701053468282798630
1701053468285035122 1701053468303589119
1701053468306051917 1701053468325681740
1701053468328318895 1701053468349731748
1701053468352249566 1701053468375195381
1701053468378165068 1701053468399813385
1701053468402969003 1701053468429598435
1701053468433043477 1701053468461182313
1701053468464773708 1701053468542663023
1701053468550970815 1701053468618877800
1701053468627492997 1701053468699222755
1701053468708174954 1701053468781870504
1701053468791240768 1701053468867359791
1701053468876717473 1701053468958046899
1701053468968263770 1701053469034351927
1701053469034544065 1701053469045046664
1701053469045525374 1701053469055181984
1701053469055605967 1701053469065494570
1701053469065884954 1701053469075367188
1701053469075583877 1701053469085465094
1701053469085815124 1701053469095033347
1701053469095376551 1701053469104754587
1701053469105265183 1701053469115507027
1701053469116074074 1701053469125818361
1701053469126316399 1701053469135179422
1701053469135593006 1701053469144953713
1701053469145614519 1701053469154888746
1701053469155293710 1701053469165039653
1701053469165507219 1701053469175137826
1701053469175625460 1701053469185579249
1701053469186026047 1701053469196652238
1701053469197062352 1701053469206676688
1701053469207675114 1701053469217903306
1701053469218936445 1701053469229712052
1701053469230726581 1701053469242910674
1701053469243944992 1701053469258943691
1701053469259633464 1701053469274755895
1701053469275833263 1701053469292207808
1701053469293387659 1701053469311894538
1701053469313081629 1701053469333188664
1701053469335235136 1701053469357321367
1701053469359843150 1701053469383375039
1701053469386360271 1701053469411255901
1701053469414238404 1701053469439995592
1701053469443382578 1701053469472374213
1701053469475911487 1701053469505109926
1701053469509267375 1701053469541567180
1701053469545599317 1701053469579260750
1701053469583700015 1701053469619883656
1701053469624527862 1701053469663701934
1701053469668696491 1701053469709807942
1701053469715176082 1701053469759013455
1701053469764813280 1701053469811397959
1701053469817366656 1701053469867433435
1701053469873758584 1701053469927025853
1701053469933810546 1701053469989464292
1701053469996524810 1701053470055885988
1701053470063573551 1701053470072387390
1701053470072730320 1701053470081639486
1701053470081966241 1701053470090220392
1701053470090625183 1701053470098988762
1701053470099382544 1701053470107671961
1701053470108040920 1701053470117084439
1701053470117500232 1701053470125865064
1701053470126238863 1701053470135605863
1701053470136051712 1701053470145206427
1701053470145614193 1701053470155600309
1701053470156073100 1701053470165545563
1701053470165986540 1701053470175789871
1701053470176286179 1701053470185997662
1701053470186471859 1701053470196207825
1701053470196853982 1701053470207331558
1701053470207683907 1701053470217342857
1701053470217799646 1701053470228023583
1701053470228846669 1701053470240086776
1701053470240610174 1701053470251549216
1701053470252506522 1701053470263656948
1701053470264987700 1701053470278070516
1701053470279169175 1701053470293639093
1701053470295334208 1701053470310028123
1701053470311932142 1701053470328338627
1701053470330413438 1701053470348201207
1701053470350491463 1701053470369880531
1701053470372586635 1701053470393410284
1701053470395907827 1701053470419048218
1701053470421930609 1701053470452238116
1701053470455403944 1701053470481831749
1701053470485314573 1701053470513924545
1701053470517801350 1701053470548493173
1701053470552430539 1701053470585229803
1701053470589335377 1701053470624190821
1701053470628596766 1701053470665679098
1701053470670267181 1701053470710040322
1701053470715110237 1701053470757154202
1701053470762399404 1701053470807235713
1701053470812929631 1701053470860744112
1701053470866751985 1701053470918092125
1701053470924655511 1701053470977789663
1701053470984636262 1701053471041479633
1701053471048571027 1701053471094998057
1701053471095360441 1701053471104314655
1701053471104701505 1701053471113582591
1701053471113928246 1701053471122788085
1701053471123204108 1701053471131708149
1701053471132084237 1701053471140675677
1701053471141025419 1701053471149665668
1701053471150063058 1701053471158606868
1701053471158968305 1701053471167553334
1701053471167969824 1701053471176038166
1701053471176422295 1701053471184946481
1701053471185450579 1701053471193967732
1701053471194385127 1701053471202235287
1701053471202592096 1701053471210868056
1701053471211162196 1701053471219655959
1701053471219940083 1701053471228413330
1701053471229125765 1701053471237701458
1701053471238156345 1701053471247081015
1701053471247443916 1701053471256916417
1701053471257555615 1701053471267309106
1701053471268024834 1701053471280024042
1701053471281167787 1701053471294590381
1701053471295438535 1701053471309174773
1701053471310524156 1701053471327216293
1701053471328440700 1701053471345638944
1701053471347701995 1701053471365823626
1701053471368257923 1701053471388177191
1701053471391037394 1701053471412262009
1701053471415298011 1701053471438569647
1701053471441742410 1701053471468654882
1701053471472006248 1701053471498920842
1701053471502643730 1701053471531530257
1701053471535386991 1701053471565896361
1701053471570022973 1701053471602907695
1701053471607209125 1701053471641869598
1701053471646863472 1701053471684474976
1701053471689255651 1701053471730151477
1701053471735574228 1701053471779274182
1701053471785114322 1701053471830713271
1701053471836831605 1701053471885263347
1701053471891497028 1701053471943282779
1701053471949976594 1701053472004279944
1701053472011212231 1701053472070048345
1701053472077674012 1701053472125027037
1701053472125360463 1701053472133664667
1701053472134031006 1701053472142757896
1701053472143133309 1701053472152172710
1701053472152457892 1701053472161569113
1701053472161852647 1701053472170676256
1701053472171025588 1701053472179496147
1701053472179826328 1701053472188504675
1701053472188872610 1701053472197704110
1701053472198004703 1701053472206870358
1701053467698612440 1701053467715140643
1701053467715444943 1701053467726702693
1701053467727154628 1701053467737222867
1701053467737626489 1701053467748145060
1701053467748631419 1701053467758111794
1701053467758627180 1701053467767893441
1701053467768212753 1701053467777564719
1701053467777994584 1701053467787973663
1701053467788349915 1701053467797743278
1701053467798090278 1701053467808164072
1701053467808530675 1701053467818524933
1701053467819077272 1701053467828547722
1701053467828999015 1701053467838981185
1701053467839476612 1701053467848925442
1701053467849540160 1701053467859645701
1701053467860063527 1701053467870261141
1701053467870946850 1701053467880479640
1701053467881292022 1701053467892233486
1701053467893173211 1701053467905123917
1701053467905968931 1701053467917186234
1701053467918013471 1701053467931884050
1701053467933288492 1701053467946991594
1701053467948316668 1701053467963897014
1701053467965663530 1701053467984037572
1701053467986316411 1701053468004287032
1701053468004638069 1701053468014424191
1701053468014769798 1701053468024300893
1701053468024615079 1701053468035314895
1701053468035766848 1701053468045248653
1701053468045679190 1701053468055619985
1701053468056127841 1701053468065308837
1701053468065795439 1701053468075053094
1701053468075352229 1701053468085313166
1701053468085735831 1701053468095426771
1701053468095762288 1701053468105854682
1701053468106358085 1701053468115696988
1701053468116066473 1701053468126598255
1701053468126986957 1701053468137124876
1701053468137766587 1701053468148072715
1701053468148562855 1701053468157956954
1701053468158685981 1701053468168211245
1701053468169026909 1701053468179065283
1701053468180177010 1701053468191326534
1701053468192560244 1701053468204433060
1701053468205405190 1701053468217778577
1701053468218780727 1701053468231647601
1701053468232915104 1701053468247748337
1701053468249164624 1701053468265106481
1701053468266740666 1701053468282954199
1701053468285169558 1701053468303610738
1701053468306012388 1701053468325730959
1701053468328319814 1701053468349458082
1701053468352077455 1701053468375189157
1701053468378159788 1701053468402971309
1701053468406379283 1701053468432902840
1701053468436326271 1701053468464985105
1701053468485999772 1701053468550831152
1701053468559337727 1701053468627417004
1701053468636064546 1701053468708234527
1701053468716854081 1701053468791365627
1701053468800804216 1701053468876985714
1701053468886938994 1701053468968281889
1701053468978659056 1701053469034324590
1701053469034652387 1701053469044760435
1701053469045089952 1701053469055291004
1701053469055579289 1701053469065275822
1701053469065614008 1701053469075211433
1701053469075581026 1701053469085360977
1701053469085838362 1701053469095184746
1701053469095489821 1701053469104767983
1701053469105195110 1701053469114820573
1701053469115277800 1701053469124549334
1701053469124981165 1701053469134298955
1701053469134578073 1701053469143624223
1701053469144031327 1701053469154093648
1701053469154460264 1701053469164308720
1701053469164590364 1701053469174500517
1701053469175168818 1701053469184500569
1701053469184887275 1701053469195184399
1701053469195831613 1701053469205918574
1701053469206621676 1701053469216941636
1701053469217913067 1701053469228717128
1701053469229726878 1701053469241692408
1701053469242793119 1701053469255665391
1701053469257004909 1701053469271606530
1701053469272953780 1701053469288498851
1701053469290236830 1701053469307517442
1701053469309557639 1701053469328129038
1701053469330641712 1701053469349603214
1701053469352027696 1701053469374520709
1701053469377197409 1701053469401791531
1701053469404833435 1701053469429896126
1701053469433165007 1701053469460973642
1701053469464735429 1701053469494033674
1701053469497818906 1701053469529246032
1701053469533198821 1701053469566558959
1701053469570732139 1701053469606246609
1701053469610669711 1701053469648533536
1701053469653369707 1701053469694403096
1701053469699503053 1701053469742538750
1701053469748085322 1701053469793547040
1701053469799324355 1701053469848681778
1701053469854849492 1701053469906669046
1701053469913448809 1701053469968522329
1701053469975512788 1701053470033418576
1701053470040847807 1701053470068544836
1701053470068948976 1701053470078707196
1701053470079311014 1701053470088333151
1701053470088657537 1701053470097269219
1701053470097753115 1701053470106663219
1701053470107084031 1701053470116004824
1701053470116379361 1701053470125486511
1701053470125783184 1701053470135469638
1701053470135815082 1701053470145290149
1701053470145694771 1701053470155553299
1701053470155885098 1701053470165378509
1701053470165818920 1701053470175697120
1701053470176139711 1701053470185805009
1701053470186330054 1701053470196060723
1701053470196618896 1701053470206043014
1701053470206617861 1701053470215774781
1701053470216551405 1701053470228011699
1701053470228898517 1701053470238861650
1701053470239790458 1701053470250418886
1701053470251422586 1701053470262264655
1701053470263303932 1701053470275536126
1701053470276782918 1701053470289628381
1701053470290542976 1701053470305563643
1701053470306504688 1701053470323093588
1701053470324381938 1701053470343549530
1701053470345869967 1701053470364677150
1701053470367011145 1701053470387831497
1701053470390450542 1701053470413030865
1701053470416090465 1701053470439241114
1701053470441172130 1701053470465191461
1701053470468506437 1701053470495908446
1701053470499539022 1701053470529015384
1701053470532935335 1701053470564731663
1701053470568974483 1701053470602374437
1701053470606536362 1701053470642484419
1701053470647158733 1701053470685164806
1701053470690029560 1701053470730715647
1701053470735954591 1701053470778897726
1701053470784524000 1701053470830443125
1701053470836394114 1701053470885861048
1701053470892536337 1701053470944259336
1701053470950926603 1701053471005655105
1701053471012716506 1701053471070444017
1701053471078046788 1701053471099483122
1701053471099834064 1701053471109051503
1701053471109378869 1701053471117829119
1701053471118209595 1701053471127547508
1701053471127968660 1701053471136772877
1701053471137072917 1701053471145919976
1701053471146265282 1701053471154957659
1701053471155415659 1701053471163956256
1701053471164330396 1701053471172607988
1701053471173021305 1701053471181530281
1701053471181865226 1701053471190422442
1701053471190677276 1701053471198966403
1701053471199251669 1701053471207595878
1701053471207952604 1701053471216704436
1701053471216999955 1701053471225839230
1701053471226296312 1701053471235012860
1701053471235407880 1701053471244273190
1701053471244754509 1701053471254023070
1701053471254566501 1701053471264825339
1701053471265457743 1701053471276955294
1701053471277938348 1701053471289859270
1701053471291331228 1701053471305794676
1701053471307335744 1701053471323239555
1701053471325112997 1701053471343411704
1701053471345470409 1701053471363725619
1701053471365889310 1701053471385630502
1701053471388243585 1701053471409340230
1701053471412135425 1701053471435539036
1701053471438563712 1701053471464350042
1701053471468725095 1701053471495452654
1701053471499008951 1701053471528071093
1701053471531592328 1701053471562100789
1701053471565998867 1701053471598720230
1701053471602914605 1701053471637401627
1701053471641936685 1701053471679557569
1701053471684370239 1701053471724932263
1701053471730088683 1701053471773643084
1701053471779406084 1701053471824929915
1701053471830612806 1701053471879121899
1701053471885168644 1701053471936806682
1701053471943221411 1701053471997454362
1701053472004443965 1701053472062652714
1701053472069958126 1701053472124002011
1701053472124358238 1701053472133023603
1701053472133541242 1701053472142487429
1701053472142754356 1701053472152360936
1701053472152715667 1701053472161787309
1701053472162130933 1701053472170620697
1701053472170930187 1701053472179406773
1701053472179736587 1701053472188650690
1701053472188939245 1701053472197874770
1701053472198147805 1701053472206937776
1701053467698117007 1701053467715108514
1701053467715434578 1701053467726671804
1701053467727221472 1701053467737074209
1701053467737493505 1701053467747120586
1701053467747503500 1701053467757194752
1701053467757641069 1701053467767456178
1701053467767894531 1701053467777388868
1701053467777881669 1701053467787768280
1701053467788240720 1701053467797937660
1701053467798323337 1701053467808256009
1701053467808670667 1701053467818524373
1701053467819282208 1701053467829084144
1701053467829539380 1701053467839241925
1701053467839609149 1701053467849540803
1701053467849862792 1701053467859526123
1701053467860145646 1701053467870258766
1701053467870631873 1701053467881355310
1701053467881607917 1701053467892277439
1701053467893271952 1701053467905040205
1701053467906121544 1701053467919381661
1701053467919754319 1701053467934354145
1701053467935012906 1701053467949738748
1701053467950806348 1701053467967458681
1701053467968421972 1701053467984236940
1701053467986487418 1701053468004434767
1701053468004754483 1701053468014398799
1701053468014719821 1701053468024449481
1701053468024715414 1701053468035246030
1701053468035565984 1701053468045149947
1701053468045726131 1701053468055260442
1701053468055557892 1701053468064734692
1701053468065119966 1701053468074913567
1701053468075306470 1701053468085165338
1701053468085635339 1701053468095441145
1701053468095837228 1701053468106062758
1701053468106531403 1701053468115952997
1701053468116264092 1701053468126628954
1701053468127156985 1701053468137520172
1701053468137990197 1701053468148942485
1701053468149447257 1701053468158928400
1701053468159562724 1701053468169139162
1701053468169808161 1701053468180375722
1701053468180995754 1701053468192519736
1701053468193382106 1701053468205423716
1701053468206098625 1701053468217835750
1701053468218672976 1701053468231511418
1701053468232813401 1701053468246250233
1701053468247666946 1701053468263410247
1701053468265105027 1701053468282827136
1701053468285104664 1701053468303726428
1701053468306162401 1701053468325708217
1701053468328385767 1701053468349756990
1701053468352246161 1701053468375202407
1701053468378081660 1701053468402956156
1701053468406264853 1701053468433069883
1701053468436522455 1701053468464963477
1701053468484295612 1701053468542619175
1701053468550897127 1701053468618864362
1701053468627387175 1701053468699267813
1701053468708213208 1701053468782036969
1701053468791407871 1701053468867636168
1701053468877105344 1701053468958085787
1701053468968315943 1701053469034243162
1701053469034557701 1701053469045049597
1701053469045504488 1701053469054954557
1701053469055446780 1701053469065322395
1701053469065551576 1701053469075516482
1701053469075947158 1701053469085624773
1701053469085986469 1701053469095313613
1701053469095729155 1701053469104876384
1701053469105307328 1701053469115439042
1701053469116012290 1701053469125036123
1701053469125360898 1701053469134916865
1701053469135251319 1701053469144333697
1701053469144690067 1701053469154214600
1701053469154568900 1701053469164482859
1701053469164962706 1701053469174680176
1701053469175497219 1701053469185586729
1701053469186180424 1701053469195845366
1701053469196651734 1701053469206684329
1701053469207595534 1701053469218914529
1701053469219673283 1701053469230767047
1701053469231548554 1701053469243991765
1701053469244872301 1701053469257072115
1701053469259028485 1701053469272996846
1701053469274843865 1701053469290306609
1701053469292279084 1701053469309581305
1701053469311935983 1701053469330526281
1701053469333172236 1701053469354646071
1701053469357356749 1701053469380459856
1701053469383332396 1701053469407856447
1701053469411236463 1701053469436763584
1701053469439991443 1701053469468413711
1701053469472320717 1701053469501470019
1701053469505157461 1701053469537296854
1701053469541730388 1701053469575092854
1701053469579319489 1701053469615277046
1701053469619771015 1701053469658293624
1701053469663564023 1701053469704580574
1701053469709686051 1701053469753582952
1701053469759193505 1701053469805264368
1701053469811440488 1701053469861148622
1701053469867538815 1701053469920205199
1701053469927041735 1701053469982561562
1701053469989451701 1701053470048422079
1701053470055860365 1701053470069942566
1701053470070328875 1701053470079463185
1701053470079776704 1701053470088907970
1701053470089314914 1701053470098734648
1701053470099265293 1701053470107755619
1701053470108147656 1701053470117274462
1701053470117682420 1701053470125863574
1701053470126303010 1701053470135575377
1701053470135976170 1701053470145147713
1701053470145559087 1701053470155558947
1701053470156018735 1701053470165395389
1701053470165992153 1701053470175640400
1701053470175916984 1701053470185783413
1701053470186387715 1701053470196568294
1701053470197125855 1701053470206690954
1701053470207359133 1701053470216662766
1701053470217321968 1701053470228011196
1701053470228871565 1701053470239944086
1701053470240701381 1701053470251574764
1701053470252623817 1701053470263542958
1701053470265003676 1701053470276859729
1701053470278094272 1701053470292158232
1701053470293639333 1701053470308681866
1701053470310028901 1701053470326469556
1701053470328369879 1701053470345751784
1701053470348042282 1701053470367430815
1701053470370022847 1701053470390514118
1701053470393394571 1701053470416147141
1701053470419114578 1701053470441114149
1701053470442975290 1701053470468389331
1701053470471647906 1701053470499524664
1701053470502886584 1701053470532926942
1701053470536765886 1701053470568833793
1701053470572771581 1701053470606523217
1701053470610836725 1701053470647146770
1701053470651477271 1701053470689990530
1701053470694982181 1701053470735891972
1701053470741053197 1701053470784505114
1701053470789973907 1701053470836793490
1701053470842356665 1701053470892372885
1701053470898714905 1701053470950798159
1701053470957441600 1701053471012840860
1701053471019772558 1701053471078151495
1701053471085634518 1701053471100082856
1701053471100431984 1701053471109668992
1701053471110070632 1701053471118761122
1701053471119134371 1701053471128009438
1701053471128388403 1701053471137438011
1701053471137773607 1701053471146659212
1701053471147054106 1701053471155512489
1701053471155835866 1701053471164891833
1701053471165269143 1701053471173540200
1701053471173836633 1701053471182592048
1701053471182958817 1701053471191206280
1701053471191555505 1701053471200206583
1701053471200615468 1701053471208583719
1701053471208927634 1701053471217311638
1701053471217709343 1701053471227042835
1701053471227433967 1701053471236529073
1701053471236912168 1701053471245641602
1701053471246167011 1701053471255613844
1701053471256011274 1701053471266613747
1701053471267257050 1701053471279175649
1701053471279969742 1701053471293247415
1701053471294521887 1701053471307312638
1701053471309171374 1701053471325058715
1701053471327088227 1701053471345524046
1701053471347646170 1701053471366050084
1701053471368391528 1701053471388157882
1701053471390671768 1701053471412310514
1701053471415072605 1701053471438573225
1701053471441702763 1701053471468585961
1701053471471837553 1701053471498940960
1701053471502739915 1701053471531516231
1701053471535357170 1701053471565963336
1701053471570154928 1701053471602777195
1701053471607011047 1701053471641983539
1701053471647010708 1701053471684700369
1701053471689505715 1701053471730143484
1701053471735476890 1701053471779260548
1701053471784962705 1701053471830855718
1701053471837047907 1701053471885316453
1701053471891432091 1701053471943346014
1701053471950192601 1701053472004208828
1701053472011142789 1701053472070024250
1701053472077524711 1701053472125152580
1701053472125528820 1701053472133598491
1701053472133952822 1701053472143019692
1701053472143421658 1701053472152279958
1701053472152635433 1701053472161530865
1701053472161831212 1701053472170832680
1701053472171226509 1701053472179578987
1701053472179986834 1701053472188485350
1701053472188810258 1701053472197639467
1701053472197957295 1701053472206498181
