1701074997255531245 1701074997296831957
1701074997296908465 1701074997334407637
1701074997334469907 1701074997370697847
1701074997370760946 1701074997401388092
1701074997401412469 1701074997430889851
1701074997430968450 1701074997468068395
1701074997468089872 1701074997496112252
1701074997496135157 1701074997524169527
1701074997524190396 1701074997567397013
1701074997567491561 1701074997596043345
1701074997596066484 1701074997625752638
1701074997625816396 1701074997665000543
1701074997665022347 1701074997693835020
1701074997693898191 1701074997722799553
1701074997722821127 1701074997762704836
1701074997762768214 1701074997791695741
1701074997791759539 1701074997819577185
1701074997819597755 1701074997858981011
1701074997859002149 1701074997888025829
1701074997888090448 1701074997917703944
1701074997917741670 1701074997959554194
1701074997959707891 1701074997989984884
1701074997990020232 1701074998019517966
1701074998019545240 1701074998063372605
1701074998063471626 1701074998093559248
1701074998093607329 1701074998122241234
1701074998122263926 1701074998165903772
1701074998165927036 1701074998193356410
1701074998193401337 1701074998221980566
1701074998222004123 1701074998267873645
1701074998267900982 1701074998297272832
1701074998297306377 1701074998327325551
1701074998327347875 1701074998373643185
1701074998373664755 1701074998401880007
1701074998401927785 1701074998430732496
1701074998430754698 1701074998477078320
1701074998477103426 1701074998506779141
1701074998506851046 1701074998535827431
1701074998535848704 1701074998584196023
1701074998584220942 1701074998612939168
1701074998612959998 1701074998643338388
1701074998643359987 1701074998692970464
1701074998692996461 1701074998722453823
1701074998722517121 1701074998750120946
1701074998750141602 1701074998799289865
1701074998799330195 1701074998828189826
1701074998828210096 1701074998857203699
1701074998857303008 1701074998907863033
1701074998907889109 1701074998935941132
1701074998935967629 1701074998964199127
1701074998964239561 1701074999013865381
1701074999013908544 1701074999041504946
1701074999041526379 1701074999069330719
1701074999069393687 1701074999122440830
1701074999122461270 1701074999151295579
1701074999151371114 1701074999181049802
1701074999181102683 1701074999236586659
1701074999236623994 1701074999265054178
1701074999265119347 1701074999295266182
1701074999295295589 1701074999351917409
1701074999351941670 1701074999380028465
1701074999380066277 1701074999408161677
1701074999408202563 1701074999463802862
1701074999463875782 1701074999496168483
1701074999496236009 1701074999525977513
1701074999526020922 1701074999581602365
1701074999581625382 1701074999610036008
1701074999610075620 1701074999639512025
1701074999639545934 1701074999695448372
1701074999695472732 1701074999724317089
1701074999724346073 1701074999753877655
1701074999753899568 1701074999816080756
1701074999816107105 1701074999844818337
1701074999844839532 1701074999874302549
1701074999874323876 1701074999930679792
1701074999930728798 1701074999958966531
1701074999958987925 1701074999986896515
1701074999986918006 1701075000043253851
1701075000043276887 1701075000072096947
1701075000072142002 1701075000100330141
1701075000100378380 1701075000154375205
1701075000154420672 1701075000183539623
1701075000183583728 1701075000215319633
1701075000215370621 1701075000267512949
1701075000267534807 1701075000298197776
1701075000298227460 1701075000326116440
1701075000326144514 1701075000377967020
1701075000378001986 1701075000407568335
1701075000407589361 1701075000437596961
1701075000437624867 1701075000495338079
1701075000495378959 1701075000524500489
1701075000524544105 1701075000553393197
1701075000553414771 1701075000612119334
1701075000612140840 1701075000640731333
1701075000640752870 1701075000668745405
1701075000668785562 1701075000725204801
1701075000725246094 1701075000753546087
1701075000753592790 1701075000782994333
1701075000783015272 1701075000841604679
1701075000841634353 1701075000872615402
1701075000872678197 1701075000898802440
1701075000898823794 1701075000927681289
1701075000927731126 1701075000956505378
1701075000956526637 1701075000984513419
1701075000984534620 1701075001017683297
1701075001017716533 1701075001047153489
1701075001047182857 1701075001076145127
1701075001076166133 1701075001107377053
1701075001107407715 1701075001136233166
1701075001136254219 1701075001163929141
1701075001163955533 1701075001195340214
1701075001195367118 1701075001223939864
1701075001223960852 1701075001251995574
1701075001252021670 1701075001284164286
1701075001284185443 1701075001313218774
1701075001313242282 1701075001342380899
1701075001342401911 1701075001375724214
1701075001375745212 1701075001404978453
1701075001405008184 1701075001433539971
1701075001433563420 1701075001466031267
1701075001466058908 1701075001493270181
1701075001493291621 1701075001522463487
1701075001522484446 1701075001557368815
1701075001557390238 1701075001587171959
1701075001587195503 1701075001615990141
1701075001616017518 1701075001649427209
1701075001649455689 1701075001678670748
1701075001678692178 1701075001715063469
1701075001715084795 1701075001751298377
1701075001751319197 1701075001779626574
1701075001779647681 1701075001808803658
1701075001808824917 1701075001845604918
1701075001845636095 1701075001874940981
1701075001874975673 1701075001904327581
1701075001904372350 1701075001940708556
1701075001940733216 1701075001969239997
1701075001969261179 1701075001997867082
1701075001997891668 1701075002034814041
1701075002034840906 1701075002063960983
1701075002063982973 1701075002091499542
1701075002091546045 1701075002131165030
1701075002131213762 1701075002159245755
1701075002159266956 1701075002187389994
1701075002187414297 1701075002229247148
1701075002229272118 1701075002257508325
1701075002257529660 1701075002286909763
1701075002286947038 1701075002336287461
1701075002336334602 1701075002365556940
1701075002365589390 1701075002394193303
1701075002394214218 1701075002439353047
1701075002439399036 1701075002466062580
1701075002466084429 1701075002494594300
1701075002494615864 1701075002541737357
1701075002541763251 1701075002570125845
1701075002570173019 1701075002602675051
1701075002602696106 1701075002650909114
1701075002650955489 1701075002679353313
1701075002679374509 1701075002708004794
1701075002708028567 1701075002755644777
1701075002755698028 1701075002784744142
1701075002784772432 1701075002811948242
1701075002811969519 1701075002861651271
1701075002861693178 1701075002890978430
1701075002891021283 1701075002918800477
1701075002918821517 1701075002969789118
1701075002969810162 1701075002999037431
1701075002999090913 1701075003033913585
1701075003033935651 1701075003091642520
1701075003091685018 1701075003121170192
1701075003121196418 1701075003151422278
1701075003151443857 1701075003210283410
1701075003210306466 1701075003239478226
1701075003239504031 1701075003268389067
1701075003268426237 1701075003325811009
1701075003325831878 1701075003353413494
1701075003353434531 1701075003383469702
1701075003383490551 1701075003441250780
1701075003441271859 1701075003470923298
1701075003470946964 1701075003498985539
1701075003499006694 1701075003556539515
1701075003556565848 1701075003583251131
1701075003583314403 1701075003611384930
1701075003611405044 1701075003667283157
1701075003667310664 1701075003693682513
1701075003693702837 1701075003719797326
1701075003719820036 1701075003776216135
1701075003776236510 1701075003803492400
1701075003803531743 1701075003831047968
1701075003831068258 1701075003888485000
1701075003888554352 1701075003917775589
1701075003917804809 1701075003944930264
1701075003944968620 1701075004002479173
1701075004002550135 1701075004031526969
1701075004031566997 1701075004059569844
1701075004059590096 1701075004117742333
1701075004117801085 1701075004149527921
1701075004149564945 1701075004177052277
1701075004177073428 1701075004233611675
1701075004233638457 1701075004261164788
1701075004261186293 1701075004289531987
1701075004289610442 1701075004316644641
1701075004316666153 1701075004346935464
1701075004346987109 1701075004375579003
1701075004375599949 1701075004406526207
1701075004406547727 1701075004433347776
1701075004433374263 1701075004460085138
1701075004460106503 1701075004490618203
1701075004490639060 1701075004518655756
1701075004518684359 1701075004546964193
1701075004546985226 1701075004578816202
1701075004578837143 1701075004607509245
1701075004607562015 1701075004636319108
1701075004636340461 1701075004668493846
1701075004668514861 1701075004698301178
1701075004698348633 1701075004726925402
1701075004727025159 1701075004759423882
1701075004759486649 1701075004788469520
1701075004788545532 1701075004817407946
1701075004817461368 1701075004851242712
1701075004851334723 1701075004880725726
1701075004880795022 1701075004908398698
1701075004908418992 1701075004942983899
1701075004943004345 1701075004971880322
1701075004971944201 1701075005001566033
1701075005001610079 1701075005035654137
1701075005035675283 1701075005065242416
1701075005065271499 1701075005094721151
1701075005094741392 1701075005128451063
1701075005128473156 1701075005156285286
1701075005156305501 1701075005184002859
1701075005184045451 1701075005224300944
1701075005224341437 1701075005252331165
1701075005252377011 1701075005279574203
1701075005279618572 1701075005318783612
1701075005318820531 1701075005347573241
1701075005347621668 1701075005375685925
1701075005375733872 1701075005414963517
1701075005415000139 1701075005444181664
1701075005444239873 1701075005473878757
1701075005473932000 1701075005513597486
1701075005513618899 1701075005541910164
1701075005541982319 1701075005570032946
1701075005570113379 1701075005611917993
1701075005611941276 1701075005641210094
1701075005641231254 1701075005670585833
1701075005670638500 1701075005714357842
1701075005714378649 1701075005742564668
1701075005742588972 1701075005771620302
1701075005771641397 1701075005814809327
1701075005814879240 1701075005843073768
1701075005843150729 1701075005875952685
1701075005875992456 1701075005922550293
1701075005922571833 1701075005951849358
1701075005951945367 1701075005980483015
1701075005980512933 1701075006027534121
1701075006027610336 1701075006056090954
1701075006056160653 1701075006084778987
1701075006084814833 1701075006133471794
1701075006133496443 1701075006162387229
1701075006162450593 1701075006191759740
1701075006191843612 1701075006242110540
1701075006242131921 1701075006270896473
1701075006270986998 1701075006300031255
1701075006300057604 1701075006351385068
1701075006351421704 1701075006379731829
1701075006379794677 1701075006410455213
1701075006410491806 1701075006460088001
1701075006460108084 1701075006491611122
1701075006491638271 1701075006521762982
1701075006521783928 1701075006577755159
1701075006577781208 1701075006606427636
1701075006606448623 1701075006635326144
1701075006635397200 1701075006692238377
1701075006692301830 1701075006720937329
1701075006720967859 1701075006749601692
1701075006749671069 1701075006806052492
1701075006806073980 1701075006857404196
1701075006857466966 1701075006887864456
1701075006887939630 1701075006951785995
1701075006951807172 1701075006980253149
1701075006980277425 1701075007007447540
1701075007007472183 1701075007065628675
1701075007065673578 1701075007094542520
1701075007094603452 1701075007123422990
1701075007123485844 1701075007182042045
1701075007182085021 1701075007210043188
1701075007210073196 1701075007237693534
1701075007237716917 1701075007297784221
1701075007297805883 1701075007331125177
1701075007331187626 1701075007360882721
1701075007360904340 1701075007419809716
1701075007419834901 1701075007449568318
1701075007449622346 1701075007479181498
1701075007479256757 1701075007538078090
1701075007538102239 1701075007572165890
1701075007572225998 1701075007601480771
1701075007601513422 1701075007662115112
1701075007662141269 1701075007691541922
1701075007691604339 1701075007723993531
1701075007724056508 1701075007783219531
1701075007783284528 1701075007810151449
1701075007810183629 1701075007841348081
1701075007841369628 1701075007873090493
1701075007873111796 1701075007902172635
1701075007902197665 1701075007931018367
1701075007931042014 1701075007962630606
1701075007962657619 1701075007992046281
1701075007992071067 1701075008020382664
1701075008020409793 1701075008051994740
1701075008052022800 1701075008081008205
1701075008081033034 1701075008111494878
1701075008111516100 1701075008143488346
1701075008143518090 1701075008172866792
1701075008172896503 1701075008202542949
1701075008202564051 1701075008236324332
1701075008236345522 1701075008265052889
1701075008265074794 1701075008295076781
1701075008295108748 1701075008330441852
1701075008330466719 1701075008360151464
1701075008360172553 1701075008388733576
1701075008388754685 1701075008425449539
1701075008425479223 1701075008454149258
1701075008454177045 1701075008482235934
1701075008482257048 1701075008515011134
1701075008515032083 1701075008542341185
1701075008542368981 1701075008571713600
1701075008571742839 1701075008607390751
1701075008607411934 1701075008636655543
1701075008636676789 1701075008665773160
1701075008665794427 1701075008703661837
1701075008703683057 1701075008733837370
1701075008733858563 1701075008763989514
1701075008764020808 1701075008802824130
1701075008802845846 1701075008832219976
1701075008832265142 1701075008861192906
1701075008861214124 1701075008899078496
1701075008899128433 1701075008927531799
1701075008927584186 1701075008954409369
1701075008954430833 1701075008994041317
1701075008994062474 1701075009023425044
1701075009023456100 1701075009051909852
1701075009051981009 1701075009092523656
1701075009092585910 1701075009121764206
1701075009123130172 1701075009150419542
1701075009150472871 1701075009189894041
1701075009189945937 1701075009217705343
1701075009217763441 1701075009245422163
1701075009245476638 1701075009286280581
1701075009286343774 1701075009314796451
1701075009314863876 1701075009342832904
1701075009342884582 1701075009385774936
1701075009385838224 1701075009413916373
1701075009413978416 1701075009442343854
1701075009442400674 1701075009485277099
1701075009485340232 1701075009513556786
1701075009513624283 1701075009542064029
1701075009542117924 1701075009584781623
1701075009584843741 1701075009614464148
1701075009614518946 1701075009643810279
1701075009643865365 1701075009687683035
1701075009687749263 1701075009715771179
1701075009715831313 1701075009744047688
1701075009744111866 1701075009785798715
1701075009785853831 1701075009813723036
1701075009813792039 1701075009842876895
1701075009842979006 1701075009885544919
1701075009885611214 1701075009915361617
1701075009915415044 1701075009944282047
1701075009944333154 1701075009992895847
1701075009992964852 1701075010024778071
1701075010024846430 1701075010053854322
1701075010053922177 1701075010097344066
1701075010097410499 1701075010126888564
1701075010126960555 1701075010155882460
1701075010155938344 1701075010197997073
1701075010198054478 1701075010227095718
1701075010227148546 1701075010256299688
1701075010256374653 1701075010301234582
1701075010301299225 1701075010331346865
1701075010331414404 1701075010360117770
1701075010360170474 1701075010406583995
1701075010406660353 1701075010438939255
1701075010439013181 1701075010469151374
1701075010469218882 1701075010519397791
1701075010519467726 1701075010550840231
1701075010550910709 1701075010582095926
1701075010582162658 1701075010632294985
1701075010632356545 1701075010663493439
1701075010663561136 1701075010692990117
1701075010693040702 1701075010744670107
1701075010744731614 1701075010774368880
1701075010774436560 1701075010804458138
1701075010804512971 1701075010863561839
1701075010863627947 1701075010893201224
1701075010893264452 1701075010922706230
1701075010922759433 1701075010978862051
1701075010978927396 1701075011009606514
1701075011009680437 1701075011039243580
1701075011039309719 1701075011093847967
1701075011093919799 1701075011122268620
