1701075016283744372 1701075016339656030
1701075016339723865 1701075016368807638
1701075016368938405 1701075016405641678
1701075016405717719 1701075016442754671
1701075016442776219 1701075016473564643
1701075016473608369 1701075016503833639
1701075016503896225 1701075016543417720
1701075016543459125 1701075016573252979
1701075016573316381 1701075016602975897
1701075016603021232 1701075016642707803
1701075016642775872 1701075016673464084
1701075016673485263 1701075016704189888
1701075016704231562 1701075016745129753
1701075016745202053 1701075016775530709
1701075016775608764 1701075016804659267
1701075016804722468 1701075016845778810
1701075016845842888 1701075016874757468
1701075016874799004 1701075016904069287
1701075016904122956 1701075016942790843
1701075016942844013 1701075016971474836
1701075016971543609 1701075017014142513
1701075017014252297 1701075017042364363
1701075017042401925 1701075017070461060
1701075017070506148 1701075017111728751
1701075017111791768 1701075017139825970
1701075017139889073 1701075017168207857
1701075017168277864 1701075017210807867
1701075017210881520 1701075017237867116
1701075017237888083 1701075017266073545
1701075017266123683 1701075017300360927
1701075017300425132 1701075017328188215
1701075017328217512 1701075017373989122
1701075017374052057 1701075017402605597
1701075017402682634 1701075017430711009
1701075017430782112 1701075017477518213
1701075017477545708 1701075017505656319
1701075017505682589 1701075017533612502
1701075017533633633 1701075017581712387
1701075017581750732 1701075017609161897
1701075017609190480 1701075017636731378
1701075017636759751 1701075017681836066
1701075017681877310 1701075017711083991
1701075017711108233 1701075017739001996
1701075017739074377 1701075017785948797
1701075017786011798 1701075017814403030
1701075017814445122 1701075017842527571
1701075017842604503 1701075017894152786
1701075017894175469 1701075017922858607
1701075017922935924 1701075017950167187
1701075017950190982 1701075018000430811
1701075018000467449 1701075018029766291
1701075018029851336 1701075018058142360
1701075018058164815 1701075018086843610
1701075018086935285 1701075018117974101
1701075018118002084 1701075018171748025
1701075018171818841 1701075018200056265
1701075018200081484 1701075018228761397
1701075018228846586 1701075018258003235
1701075018258025109 1701075018286343973
1701075018286370703 1701075018315128707
1701075018315198055 1701075018344168944
1701075018344193352 1701075018372875628
1701075018372900177 1701075018401506729
1701075018401570308 1701075018430084148
1701075018430126644 1701075018456461830
1701075018456495046 1701075018484886105
1701075018484907144 1701075018514464159
1701075018514528281 1701075018572011723
1701075018572041751 1701075018601690314
1701075018601721153 1701075018630802070
1701075018630824416 1701075018685362150
1701075018685383969 1701075018713951545
1701075018713983031 1701075018742804199
1701075018742877439 1701075018796597059
1701075018796619706 1701075018825739711
1701075018825802571 1701075018855566742
1701075018855635339 1701075018884833071
1701075018884855049 1701075018913787633
1701075018913813777 1701075018942448954
1701075018942471499 1701075018972383425
1701075018972421754 1701075019028201060
1701075019028287682 1701075019057971455
1701075019058034670 1701075019087417069
1701075019087489275 1701075019144225205
1701075019144246784 1701075019200475266
1701075019200558819 1701075019256029238
1701075019256051972 1701075019284290876
1701075019284312518 1701075019312903341
1701075019312933316 1701075019342693544
1701075019342763832 1701075019373176118
1701075019373200745 1701075019403628842
1701075019403697814 1701075019433379380
1701075019433441887 1701075019462183903
1701075019462204055 1701075019490460720
1701075019490489105 1701075019520195125
1701075019520226377 1701075019549162977
1701075019549184696 1701075019608035612
1701075019608079318 1701075019636391190
1701075019636431076 1701075019665719211
1701075019665782552 1701075019696114349
1701075019696160089 1701075019726845619
1701075019726883689 1701075019756116258
1701075019756137355 1701075019785253437
1701075019785282882 1701075019814536157
1701075019814599176 1701075019844008655
1701075019844029292 1701075019872171872
1701075019872236215 1701075019904168641
1701075019904219225 1701075019937559645
1701075019937588633 1701075019966915604
1701075019966936302 1701075019999770870
1701075019999841566 1701075020033735895
1701075020033780783 1701075020060044319
1701075020060081728 1701075020090501800
1701075020090532505 1701075020122048029
1701075020122110850 1701075020150876587
1701075020150987403 1701075020184247828
1701075020184319796 1701075020213372078
1701075020213410000 1701075020241828534
1701075020241865982 1701075020270195733
1701075020270258407 1701075020298331000
1701075020298395290 1701075020327125466
1701075020327181502 1701075020354042008
1701075020354080579 1701075020381370249
1701075020381412624 1701075020408410470
1701075020408478542 1701075020441003465
1701075020441033261 1701075020472126567
1701075020472155151 1701075020499668329
1701075020499694386 1701075020527555254
1701075020527596623 1701075020554645043
1701075020554666586 1701075020581974069
1701075020582030816 1701075020615260992
1701075020615281207 1701075020641438462
1701075020641501842 1701075020667826416
1701075020667848958 1701075020694297111
1701075020694334535 1701075020728430141
1701075020728474126 1701075020755061538
1701075020755102283 1701075020782398994
1701075020782445543 1701075020816111915
1701075020816174732 1701075020842649777
1701075020842718194 1701075020870198499
1701075020870262034 1701075020897406895
1701075020897470754 1701075020923940400
1701075020923962104 1701075020965944889
1701075020965999715 1701075020992223912
1701075020992291318 1701075021017638663
1701075021017698445 1701075021043603897
1701075021043647169 1701075021085385490
1701075021085456911 1701075021135636019
1701075021135675768 1701075021178089850
1701075021178139877 1701075021219140863
1701075021219187988 1701075021246005479
1701075021246068132 1701075021272770481
1701075021272866280 1701075021316637735
1701075021316724258 1701075021345775935
1701075021345852214 1701075021372955274
1701075021373019394 1701075021400297071
1701075021400343513 1701075021446878793
1701075021446967272 1701075021489653514
1701075021489692035 1701075021516290234
1701075021516344462 1701075021542982713
1701075021543007494 1701075021587859540
1701075021587929059 1701075021633774281
1701075021633797589 1701075021661349299
1701075021661381691 1701075021687830699
1701075021687854892 1701075021736287338
1701075021736320121 1701075021791483778
1701075021791517490 1701075021844342826
1701075021844376587 1701075021872281800
1701075021872320567 1701075021900214842
1701075021900243679 1701075021955967609
1701075021955992791 1701075021986934865
1701075021986963540 1701075022014190430
1701075022014229092 1701075022070073135
1701075022070102299 1701075022096123541
1701075022096164795 1701075022135807801
1701075022135849537 1701075022192936733
1701075022192981859 1701075022249189461
1701075022249228644 1701075022305751852
1701075022305794091 1701075022361738836
1701075022361777465 1701075022417745692
1701075022417768409 1701075022445279947
1701075022445321600 1701075022472069375
1701075022472113221 1701075022499716278
1701075022499753276 1701075022556406754
1701075022556430468 1701075022582919634
1701075022582947012 1701075022609805705
1701075022609828763 1701075022662268142
1701075022662293012 1701075022718556058
1701075022718579290 1701075022771166269
1701075022771192650 1701075022825640584
1701075022825662789 1701075022851029246
1701075022851052394 1701075022879906340
1701075022879931204 1701075022907992712
1701075022908015164 1701075022935911620
1701075022935934983 1701075022963677216
1701075022963701517 1701075022991231047
1701075022991253036 1701075023019824799
1701075023019848534 1701075023048578690
1701075023048611660 1701075023106344442
1701075023106368086 1701075023163594760
1701075023163641738 1701075023191888493
1701075023191916116 1701075023219032081
1701075023219074559 1701075023247389062
1701075023247410846 1701075023273923622
1701075023273950175 1701075023299635539
1701075023299655270 1701075023329691717
1701075023329718039 1701075023357541670
1701075023357564625 1701075023382944840
1701075023383001635 1701075023413755540
1701075023413791120 1701075023439229146
1701075023439259311 1701075023466767907
1701075023466793569 1701075023496139222
1701075023496176637 1701075023526018987
1701075023526040541 1701075023553292596
1701075023553314976 1701075023585526068
1701075023585549219 1701075023616203691
1701075023616233665 1701075023643697828
1701075023643720359 1701075023669901946
1701075023669923707 1701075023700164914
1701075023700187886 1701075023727501088
1701075023727525560 1701075023759030236
1701075023759055386 1701075023786341609
1701075023786364112 1701075023813379474
1701075023813403182 1701075023846429998
1701075023846456089 1701075023873438735
1701075023873460964 1701075023899455925
1701075023899480643 1701075023932079735
1701075023932101500 1701075023959717636
1701075023959739904 1701075023985115350
1701075023985137099 1701075024018463024
1701075024018484652 1701075024045346006
1701075024045367580 1701075024072637487
1701075024072660655 1701075024106286939
1701075024106312388 1701075024142032282
1701075024142062117 1701075024172485385
1701075024172509093 1701075024198129032
1701075024198155296 1701075024232213450
1701075024232255307 1701075024258972902
1701075024258995902 1701075024286538545
1701075024286581529 1701075024314070168
1701075024314111142 1701075024340923629
1701075024340945456 1701075024381366993
1701075024381389003 1701075024409479813
1701075024409501600 1701075024436585762
1701075024436607473 1701075024476377836
1701075024476399789 1701075024503127429
1701075024503149398 1701075024530916393
1701075024530938658 1701075024556405103
1701075024556431778 1701075024584238695
1701075024584263834 1701075024626480720
1701075024626521397 1701075024653778533
1701075024653819949 1701075024680774610
1701075024680816495 1701075024723894457
1701075024723958427 1701075024750527012
1701075024750548768 1701075024777956381
1701075024777978434 1701075024804269458
1701075024804307658 1701075024831554326
1701075024831581193 1701075024876681127
1701075024876703095 1701075024902160874
1701075024902182839 1701075024929451357
1701075024929474423 1701075024978681116
1701075024978703840 1701075025006344709
1701075025006366418 1701075025032590840
1701075025032613553 1701075025060072379
1701075025060094917 1701075025091750923
1701075025091773458 1701075025141012057
1701075025141037426 1701075025167187688
1701075025167215564 1701075025193823882
1701075025193856516 1701075025247591757
1701075025247662451 1701075025302644722
1701075025302717378 1701075025359352930
1701075025359381819 1701075025387049926
1701075025387123208 1701075025415326021
1701075025415347221 1701075025470666357
1701075025470691988 1701075025523382535
1701075025523445474 1701075025550812704
1701075025550881109 1701075025578944197
1701075025579020038 1701075025631605502
1701075025631636388 1701075025686106927
1701075025686133889 1701075025712854616
1701075025712923191 1701075025740737009
1701075025740777702 1701075025794439684
1701075025794463247 1701075025851384522
1701075025851431741 1701075025904827267
1701075025904851417 1701075025961676527
1701075025961732277 1701075026018767869
1701075026018810283 1701075026045075619
1701075026045147862 1701075026073517603
1701075026073572806 1701075026102894066
1701075026102988569 1701075026131305813
1701075026131362493 1701075026189273419
1701075026189366543 1701075026242073275
1701075026242129303 1701075026298039198
1701075026298105980 1701075026327070399
1701075026327123146 1701075026354681329
1701075026354733920 1701075026411944202
1701075026411995279 1701075026466438112
1701075026466495149 1701075026494265369
1701075026494322464 1701075026521632348
1701075026521683099 1701075026549729833
1701075026549795704 1701075026577020713
1701075026577056367 1701075026603717030
1701075026603767380 1701075026630722782
1701075026630764941 1701075026656073352
1701075026656133483 1701075026682553581
1701075026682603076 1701075026707699687
1701075026707743403 1701075026736355091
1701075026736408745 1701075026761490757
1701075026761571971 1701075026791492182
1701075026791552234 1701075026818907970
1701075026818998927 1701075026845438978
1701075026845487374 1701075026873558664
1701075026873612627 1701075026901435247
1701075026901484088 1701075026931888051
1701075026931935422 1701075026961915216
1701075026961963483 1701075026989360044
1701075026989401332 1701075027015680439
1701075027015744819 1701075027046387416
1701075027046453348 1701075027072869651
1701075027072939179 1701075027099941203
1701075027099989490 1701075027130191403
1701075027130247260 1701075027154528986
1701075027154585691 1701075027186197588
1701075027186265172 1701075027213069647
1701075027213131954 1701075027237841392
1701075027237885549 1701075027269738714
1701075027269783551 1701075027299871057
1701075027299917734 1701075027325697360
1701075027325741061 1701075027360021725
1701075027360108493 1701075027385511647
1701075027385584894 1701075027412273853
1701075027412326456 1701075027439808651
1701075027439874084 1701075027473507134
1701075027473565817 1701075027500277044
1701075027500332884 1701075027545461268
1701075027545523256 1701075027579332257
1701075027579393239 1701075027606455569
1701075027606502995 1701075027631756487
1701075027631837988 1701075027667869157
1701075027667933535 1701075027693222835
1701075027693273943 1701075027719691894
1701075027719756463 1701075027752753937
1701075027752814168 1701075027779372275
1701075027779446819 1701075027815461532
1701075027815509108 1701075027842173764
1701075027842245731 1701075027869425694
1701075027869492496 1701075027908141853
1701075027908228326 1701075027948319337
1701075027948373324 1701075027978521497
1701075027978574551 1701075028005284539
1701075028005335088 1701075028043070759
1701075028043137920 1701075028081489943
1701075028081545503 1701075028108124307
1701075028108181034 1701075028134935450
1701075028135009300 1701075028160569921
1701075028160644313 1701075028187249976
1701075028187306488 1701075028213294979
1701075028213346168 1701075028240320436
1701075028240376044 1701075028279494745
1701075028279565096 1701075028306024147
1701075028306079400 1701075028333181708
1701075028333242475 1701075028373237555
1701075028373285808 1701075028400131091
1701075028400181963 1701075028426681208
1701075028426736409 1701075028467513553
1701075028467568793 1701075028493565349
1701075028493612828 1701075028519275304
1701075028519335475 1701075028559558392
1701075028559612069 1701075028585468015
1701075028585520714 1701075028611394638
1701075028611460598 1701075028645800903
1701075028645847041 1701075028672239047
1701075028672284039 1701075028716138144
1701075028716191038 1701075028741807980
1701075028741854953 1701075028768394861
1701075028768475463 1701075028793658803
1701075028793720245 1701075028820921851
1701075028820966418 1701075028864540278
1701075028864589970 1701075028889570809
1701075028889625731 1701075028916343611
1701075028916388889 1701075028959732467
1701075028959824125 1701075028988384043
1701075028988429957 1701075029015888474
1701075029015928898 1701075029042994273
1701075029043048173 1701075029071047960
1701075029071105496 1701075029116979563
1701075029117038142 1701075029143888405
1701075029143956111 1701075029170941264
1701075029171036972 1701075029197420761
1701075029197484171 1701075029224596855
1701075029224672327 1701075029250944577
1701075029251035156 1701075029278481395
1701075029278538868 1701075029305492660
1701075029305570391 1701075029332614000
1701075029332669106 1701075029359347928
1701075029359392812 1701075029386612655
1701075029386690258 1701075029413715678
1701075029413790200 1701075029441066250
1701075029441142711 1701075029468616298
1701075029468695874 1701075029495708939
1701075016283649681 1701075016331849675
1701075016331898673 1701075016363880574
1701075016363903652 1701075016393300748
1701075016393321460 1701075016422006386
1701075016422027282 1701075016451248995
1701075016451272286 1701075016491509393
1701075016491531186 1701075016520096179
1701075016520134337 1701075016549272012
1701075016549314732 1701075016588076031
1701075016588097636 1701075016618984395
1701075016619005896 1701075016648472920
1701075016648502864 1701075016690486958
1701075016690512644 1701075016721993546
1701075016722015846 1701075016752390271
1701075016752417749 1701075016796338500
1701075016796378149 1701075016824798732
1701075016824819113 1701075016854025605
1701075016854046115 1701075016898750880
1701075016898770836 1701075016927738501
1701075016927760984 1701075016957974355
1701075016957999926 1701075016988649233
1701075016988670192 1701075017018068728
1701075017018097337 1701075017061254584
1701075017061276566 1701075017088787560
1701075017088809070 1701075017116793160
1701075017116820802 1701075017161523982
1701075017161548456 1701075017190622026
1701075017190643816 1701075017221453726
1701075017221478097 1701075017276135244
1701075017276159528 1701075017322496717
1701075017322540286 1701075017350006484
1701075017350028093 1701075017378294298
1701075017378317791 1701075017426088849
1701075017426110037 1701075017454085547
1701075017454107885 1701075017481338632
1701075017481365636 1701075017529304458
1701075017529329019 1701075017556692302
1701075017556737365 1701075017585227680
1701075017585250106 1701075017630668998
1701075017630694998 1701075017657895840
1701075017657925949 1701075017685665407
1701075017685717889 1701075017730946981
1701075017730990204 1701075017758450751
1701075017758478765 1701075017786119323
1701075017786159698 1701075017837768940
1701075017837792943 1701075017866276234
1701075017866320844 1701075017894194216
1701075017894226007 1701075017948734704
1701075017948756888 1701075017977895769
1701075017977929513 1701075018006379324
1701075018006404747 1701075018064109838
1701075018064144473 1701075018118505095
1701075018118557844 1701075018145939517
1701075018145961744 1701075018174121521
1701075018174146406 1701075018230455755
1701075018230485212 1701075018288264455
1701075018288292569 1701075018346689638
1701075018346711061 1701075018401079064
1701075018401101188 1701075018456127670
1701075018456149496 1701075018514334970
1701075018514369342 1701075018544219899
1701075018544251142 1701075018573781443
1701075018573819963 1701075018631037279
1701075018631061258 1701075018660188191
1701075018660229426 1701075018688549590
1701075018688571320 1701075018742857457
1701075018742879305 1701075018771766814
1701075018771796609 1701075018802761354
1701075018802782585 1701075018855147734
1701075018855175788 1701075018912988591
1701075018913021418 1701075018972452994
1701075018972546737 1701075019000782841
1701075019000875118 1701075019028590849
1701075019028638148 1701075019083555283
1701075019083576309 1701075019112203189
1701075019112225078 1701075019141653090
1701075019141677280 1701075019172111398
1701075019172136522 1701075019201249686
1701075019201271280 1701075019231326996
1701075019231348817 1701075019260834457
1701075019260855395 1701075019314637869
1701075019314659396 1701075019375621927
1701075019375669598 1701075019436249614
1701075019436270698 1701075019491961978
1701075019491984407 1701075019549665677
1701075019549697859 1701075019578356496
1701075019578378947 1701075019607209720
1701075019607248037 1701075019667858186
1701075019667895967 1701075019732467983
1701075019732522425 1701075019792419456
1701075019792449640 1701075019851880621
1701075019851901635 1701075019910916396
1701075019910962183 1701075019967474092
1701075019967548355 1701075019996108904
1701075019996133809 1701075020026323043
1701075020026344680 1701075020055046927
1701075020055073274 1701075020083799871
1701075020083824932 1701075020112111675
1701075020112141258 1701075020140136659
1701075020140177746 1701075020167980649
1701075020168061033 1701075020196541567
1701075020196567658 1701075020225714158
1701075020225749987 1701075020255098013
1701075020255119284 1701075020279420909
1701075020279443270 1701075020308893482
1701075020308935778 1701075020339065089
1701075020339086687 1701075020366324129
1701075020366349237 1701075020399205136
1701075020399226383 1701075020426266450
1701075020426288884 1701075020453363071
1701075020453407549 1701075020481436515
1701075020481457655 1701075020510979402
1701075020511038615 1701075020538628905
1701075020538668708 1701075020569409245
1701075020569464426 1701075020596233071
1701075020596254030 1701075020623071965
1701075020623094139 1701075020653642614
1701075020653664809 1701075020683841832
1701075020683884301 1701075020709333760
1701075020709355756 1701075020737870614
1701075020737891712 1701075020770370740
1701075020770395590 1701075020796952763
1701075020796980504 1701075020824320195
1701075020824357194 1701075020856262105
1701075020856283366 1701075020882614671
1701075020882635617 1701075020914760079
1701075020914781942 1701075020945227561
1701075020945249178 1701075020971977142
1701075020971998737 1701075021004184581
1701075021004226284 1701075021036048351
1701075021036074908 1701075021063953931
1701075021063975096 1701075021116923562
1701075021116944813 1701075021149527673
1701075021149549294 1701075021175819565
1701075021175853574 1701075021203356948
1701075021203386732 1701075021229686768
1701075021229708858 1701075021263974204
1701075021263999679 1701075021290509427
1701075021290530996 1701075021318854988
1701075021318878222 1701075021354252798
1701075021354298159 1701075021390489013
1701075021390512323 1701075021416785182
1701075021416814176 1701075021444434415
1701075021444460085 1701075021471685545
1701075021471728799 1701075021498786372
1701075021498837708 1701075021534677004
1701075021534697914 1701075021560576272
1701075021560781649 1701075021587804121
1701075021587857557 1701075021613474543
1701075021613536979 1701075021641119194
1701075021641162341 1701075021682063360
1701075021682102277 1701075021708558549
1701075021708600638 1701075021735932278
1701075021735971168 1701075021763437296
1701075021763460825 1701075021791357095
1701075021791379099 1701075021818035398
1701075021818057630 1701075021844221669
1701075021844244095 1701075021886676052
1701075021886699237 1701075021914290360
1701075021914316504 1701075021941277856
1701075021941303011 1701075021969428742
1701075021969453045 1701075022014254873
1701075022014294457 1701075022041988348
1701075022042011369 1701075022069366364
1701075022069430613 1701075022126145979
1701075022126209954 1701075022154036684
1701075022154058777 1701075022182090629
1701075022182115507 1701075022209811747
1701075022209834846 1701075022236449297
1701075022236471161 1701075022264977850
1701075022265043659 1701075022295133684
1701075022295203947 1701075022322103782
1701075022322129563 1701075022349055615
1701075022349077110 1701075022378079385
1701075022378104777 1701075022405087314
1701075022405152079 1701075022451519776
1701075022451542457 1701075022499491415
1701075022499555852 1701075022527105200
1701075022527146943 1701075022554815927
1701075022554854384 1701075022602894446
1701075022602942944 1701075022628816014
1701075022628890092 1701075022656505286
1701075022656545207 1701075022684222125
1701075022684270691 1701075022712098873
1701075022712177303 1701075022740258979
1701075022740335411 1701075022767641941
1701075022767712649 1701075022796271993
1701075022796331319 1701075022824076891
1701075022824098517 1701075022879478313
1701075022879500307 1701075022936052291
1701075022936079331 1701075022993103584
1701075022993174332 1701075023048494533
1701075023048516488 1701075023075032891
1701075023075096115 1701075023103695838
1701075023103741354 1701075023132112271
1701075023132133411 1701075023160204493
1701075023160242175 1701075023187886729
1701075023187908630 1701075023215298881
1701075023215319841 1701075023243710517
1701075023243774748 1701075023271530065
1701075023271608887 1701075023299440482
1701075023299462551 1701075023328049205
1701075023328114702 1701075023355423701
1701075023355445479 1701075023383029375
1701075023383070323 1701075023411835094
1701075023411900934 1701075023440657563
1701075023440679860 1701075023466883019
1701075023466899540 1701075023494132503
1701075023494192797 1701075023521105037
1701075023521131587 1701075023548015678
1701075023548038052 1701075023575167147
1701075023575189194 1701075023602209544
1701075023602248859 1701075023629964946
1701075023629987685 1701075023660825410
1701075023660889238 1701075023687471075
1701075023687512042 1701075023715667539
1701075023715690414 1701075023742187034
1701075023742209386 1701075023769238936
1701075023769261001 1701075023800741758
1701075023800766721 1701075023827802062
1701075023827824835 1701075023854839449
1701075023854908557 1701075023887036076
1701075023887057415 1701075023914171551
1701075023914193265 1701075023941732843
1701075023941754079 1701075023976078414
1701075023976099841 1701075024001140960
1701075024001163461 1701075024028609877
1701075024028680088 1701075024068364752
1701075024068438297 1701075024095835123
1701075024095904801 1701075024123323334
1701075024123387201 1701075024150666222
1701075024150729544 1701075024190776453
1701075024190799190 1701075024217373319
1701075024217396163 1701075024244627684
1701075024244650119 1701075024287408957
1701075024287447277 1701075024329557347
1701075024329607813 1701075024356654021
1701075024356723775 1701075024385263721
1701075024385285942 1701075024430888850
1701075024430967187 1701075024457816321
1701075024457844226 1701075024484921571
1701075024484985521 1701075024528522552
1701075024528546899 1701075024574584673
1701075024574605986 1701075024602135398
1701075024602156773 1701075024630840954
1701075024630862576 1701075024676551153
1701075024676576687 1701075024703436845
1701075024703459547 1701075024730452888
1701075024730474858 1701075024778348924
1701075024778393930 1701075024827095149
1701075024827117249 1701075024853864832
1701075024853889978 1701075024879912700
1701075024879956439 1701075024929774563
1701075024929802755 1701075024957106135
1701075024957169464 1701075024984865328
1701075024984890070 1701075025032029667
1701075025032096139 1701075025081465228
1701075025081487076 1701075025109976573
1701075025109998875 1701075025138604748
1701075025138645346 1701075025191558111
1701075025191582087 1701075025219515442
1701075025219540302 1701075025246895362
1701075025246917544 1701075025276334966
1701075025276357379 1701075025303908853
1701075025303931126 1701075025331009903
1701075025331038613 1701075025359107143
1701075025359156964 1701075025414339511
1701075025414427707 1701075025442073286
1701075025442150925 1701075025469638179
1701075025469701205 1701075025498024973
1701075025498089196 1701075025524961245
1701075025524989180 1701075025579091078
1701075025579120583 1701075025604783931
1701075025604827655 1701075025631737060
1701075025631765416 1701075025658044628
1701075025658076296 1701075025685981932
1701075025686004209 1701075025739916690
1701075025739939411 1701075025768287796
1701075025768316066 1701075025794973244
1701075025795000149 1701075025821493714
1701075025821515114 1701075025849330210
1701075025849353110 1701075025877384554
1701075025877407763 1701075025905038571
1701075025905060877 1701075025933095207
1701075025933118591 1701075025961419171
1701075025961441099 1701075025989272929
1701075025989295749 1701075026017442313
1701075026017466783 1701075026075575689
1701075026075602556 1701075026131591846
1701075026131617140 1701075026159196114
1701075026159241743 1701075026187418471
1701075026187444372 1701075026215864739
1701075026215890164 1701075026241868426
1701075026241894124 1701075026269514470
1701075026269565347 1701075026298242109
1701075026298270786 1701075026355308004
1701075026355352617 1701075026382483973
1701075026382513372 1701075026409975322
1701075026409999747 1701075026438683541
1701075026438706128 1701075026466224918
1701075026466269712 1701075026496029139
1701075026496056530 1701075026523336619
1701075026523361747 1701075026551902589
1701075026551932001 1701075026580001893
1701075026580038973 1701075026607363746
1701075026607389180 1701075026635758963
1701075026635788985 1701075026664499864
1701075026664522545 1701075026691457629
1701075026691480721 1701075026720756663
1701075026720779068 1701075026750980944
1701075026751006503 1701075026779144868
1701075026779168192 1701075026805904879
1701075026805927412 1701075026835584714
1701075026835611235 1701075026863011854
1701075026863037359 1701075026890630321
1701075026890652176 1701075026918180768
1701075026918207994 1701075026944102034
1701075026944123441 1701075026970417771
1701075026970440809 1701075027001663607
1701075027001689021 1701075027032403433
1701075027032428276 1701075027059384602
1701075027059407297 1701075027091469754
1701075027091496415 1701075027118050275
1701075027118072971 1701075027143679495
1701075027143705942 1701075027169852406
1701075027169875142 1701075027195604563
1701075027195633179 1701075027226520232
1701075027226542012 1701075027252331613
1701075027252353784 1701075027281396628
1701075027281418585 1701075027314766237
1701075027314797982 1701075027340105283
1701075027340136243 1701075027365192201
1701075027365232020 1701075027398987882
1701075027399013984 1701075027432462453
1701075027432492072 1701075027457987451
1701075027458010738 1701075027484247930
1701075027484276900 1701075027538109038
1701075027538148091 1701075027565109249
1701075027565131357 1701075027591830505
1701075027591854512 1701075027627209096
1701075027627237683 1701075027653505034
1701075027653527448 1701075027679727304
1701075027679751699 1701075027715221815
1701075027715244270 1701075027742103409
1701075027742135748 1701075027768712729
1701075027768753499 1701075027794787741
1701075027794811006 1701075027820797029
1701075027820820831 1701075027858634143
1701075027858670821 1701075027884687838
1701075027884711600 1701075027910422697
1701075027910446247 1701075027936593713
1701075027936616120 1701075027963957141
1701075027963979701 1701075028003307656
1701075028003331121 1701075028029726647
1701075028029751972 1701075028056849530
1701075028056873126 1701075028083645690
1701075028083674310 1701075028120290912
1701075028120317453 1701075028145783577
1701075028145807470 1701075028186723719
1701075028186771002 1701075028228395913
1701075028228423356 1701075028255027946
1701075028255055840 1701075028281623712
1701075028281651038 1701075028324425981
1701075028324450003 1701075028350991525
1701075028351028425 1701075028377810898
1701075028377834060 1701075028418708060
1701075028418731621 1701075028444637553
1701075028444661286 1701075028471941501
1701075028471964673 1701075028515882997
1701075028515929468 1701075028542595015
1701075028542617814 1701075028569570789
1701075028569594412 1701075028625229985
1701075028625274954 1701075028670195111
1701075028670224841 1701075028695564851
1701075028695586986 1701075028722481962
1701075028722504002 1701075028768743887
1701075028768797853 1701075028815383634
1701075028815405998 1701075028842869545
1701075028842893900 1701075028869172202
1701075028869195481 1701075028914484125
1701075028914508539 1701075028941264568
1701075028941297928 1701075028968219867
1701075028968242260 1701075029014274199
1701075029014296691 1701075029065146955
1701075029065170402 1701075029092398107
1701075029092424176 1701075029118583829
1701075029118606130 1701075029171161404
1701075029171187389 1701075029227144663
1701075029227172770 1701075029282593507
1701075029282616817 1701075029337154453
1701075029337177919 1701075029393904545
1701075029393931100 1701075029450476541
1701075029450499933 1701075029503632087
1701075029503665314 1701075029559993862
1701075029560020744 1701075029588836364
1701075029588865793 1701075029616157433
1701075029616183040 1701075029670328605
1701075029670356818 1701075029698098308
1701075029698126349 1701075029725244746
1701075029725270474 1701075029781588897
