1701075035741843280 1701075035779320366
1701075035779392941 1701075035813841108
1701075035813863287 1701075035840773290
1701075035840787919 1701075035866874199
1701075035866896303 1701075035902931999
1701075035903016190 1701075035930513224
1701075035930576749 1701075035956882400
1701075035956954271 1701075035982309997
1701075035982337673 1701075036009940597
1701075036009965968 1701075036038521059
1701075036038552850 1701075036083129066
1701075036083155632 1701075036118968671
1701075036118993764 1701075036145661345
1701075036145692671 1701075036183495998
1701075036183518835 1701075036209417447
1701075036209455154 1701075036236351407
1701075036236375209 1701075036262971539
1701075036262994142 1701075036299261830
1701075036299284917 1701075036325886404
1701075036325914530 1701075036351122806
1701075036351145731 1701075036389769075
1701075036389796394 1701075036414142403
1701075036414165251 1701075036440167808
1701075036440191861 1701075036480005902
1701075036480028204 1701075036507527533
1701075036507556526 1701075036534040458
1701075036534069648 1701075036561006020
1701075036561032889 1701075036602692573
1701075036602715194 1701075036629242229
1701075036629268161 1701075036655703059
1701075036655724736 1701075036681947912
1701075036681986637 1701075036724962421
1701075036724992026 1701075036751874903
1701075036751897769 1701075036778389725
1701075036778453458 1701075036805073946
1701075036805133673 1701075036830770937
1701075036830791476 1701075036877817299
1701075036877862018 1701075036903560166
1701075036903631457 1701075036931115388
1701075036931147437 1701075036957293216
1701075036957327561 1701075037006089177
1701075037006153679 1701075037033395828
1701075037033428617 1701075037060334881
1701075037060404704 1701075037086651750
1701075037086715259 1701075037113521637
1701075037113548039 1701075037139948328
1701075037139975601 1701075037190873380
1701075037190896732 1701075037216598971
1701075037216672763 1701075037265990521
1701075037266017097 1701075037291594623
1701075037291617041 1701075037319216554
1701075037319279098 1701075037345842373
1701075037345918916 1701075037394103651
1701075037394127105 1701075037448104013
1701075037448144717 1701075037499359715
1701075037499389119 1701075037526954561
1701075037526977707 1701075037581631190
1701075037581654097 1701075037609133905
1701075037609178803 1701075037634822188
1701075037634868196 1701075037686407251
1701075037686446672 1701075037713545818
1701075037713591525 1701075037764475913
1701075037764497552 1701075037818731519
1701075037818755505 1701075037845741568
1701075037845764462 1701075037872171074
1701075037872194555 1701075037925926827
1701075037925950262 1701075037953193746
1701075037953239788 1701075037980289853
1701075037980326279 1701075038042459914
1701075038042483223 1701075038069237584
1701075038069265985 1701075038095615812
1701075038095658147 1701075038123910829
1701075038123933894 1701075038175955794
1701075038175988970 1701075038202503616
1701075038202534150 1701075038254257708
1701075038254280123 1701075038280230696
1701075038280263861 1701075038306682504
1701075038306715825 1701075038360142229
1701075038360165534 1701075038386983754
1701075038387006420 1701075038418340191
1701075038418363464 1701075038446319652
1701075038446343154 1701075038473616954
1701075038473643373 1701075038529036033
1701075038529069288 1701075038556988949
1701075038557026484 1701075038612101437
1701075038612129119 1701075038639416030
1701075038639439570 1701075038666469799
1701075038666509270 1701075038694068442
1701075038694129585 1701075038721696181
1701075038721725664 1701075038749662227
1701075038749713953 1701075038776295692
1701075038776337941 1701075038801659930
1701075038801722880 1701075038858095359
1701075038858166227 1701075038884345777
1701075038884375460 1701075038941366159
1701075038941412829 1701075038998823064
1701075038998876237 1701075039024896722
1701075039024935779 1701075039052555759
1701075039052578779 1701075039108592805
1701075039108657656 1701075039135266896
1701075039135313422 1701075039163501799
1701075039163529018 1701075039190277363
1701075039190306070 1701075039217246816
1701075039217311727 1701075039244472129
1701075039244496614 1701075039273273078
1701075039273296260 1701075039299790681
1701075039299814448 1701075039325942011
1701075039325980988 1701075039355606321
1701075039355651310 1701075039382934070
1701075039382972780 1701075039410792288
1701075039410818720 1701075039437545904
1701075039437568879 1701075039467365388
1701075039467408837 1701075039494625686
1701075039494651370 1701075039521727789
1701075039521754379 1701075039548053646
1701075039548076134 1701075039579373128
1701075039579395369 1701075039606058591
1701075039606100590 1701075039632439029
1701075039632461240 1701075039663114091
1701075039663155885 1701075039688316574
1701075039688338615 1701075039719603566
1701075039719625865 1701075039745619125
1701075039745643838 1701075039772239856
1701075039772267628 1701075039798790342
1701075039798815881 1701075039831548530
1701075039831575974 1701075039858815945
1701075039858842635 1701075039885823449
1701075039885845491 1701075039919113098
1701075039919162646 1701075039951966996
1701075039951991668 1701075039979032783
1701075039979054914 1701075040005260482
1701075040005291165 1701075040039021720
1701075040039045993 1701075040065503652
1701075040065562686 1701075040099668716
1701075040099690729 1701075040125862562
1701075040125884708 1701075040152348677
1701075040152378224 1701075040179166278
1701075040179192271 1701075040212963515
1701075040212987255 1701075040239756155
1701075040239815150 1701075040267594787
1701075040267616686 1701075040294779597
1701075040294801287 1701075040321890565
1701075040321911727 1701075040363294825
1701075040363335154 1701075040404587362
1701075040404608860 1701075040431149463
1701075040431170991 1701075040455865245
1701075040455902713 1701075040480819943
1701075040480863775 1701075040523389485
1701075040523460438 1701075040565703905
1701075040565725394 1701075040591769962
1701075040591841803 1701075040633406268
1701075040633427840 1701075040660304727
1701075040660326013 1701075040687669940
1701075040687716120 1701075040732848782
1701075040732869677 1701075040759497340
1701075040759518626 1701075040784037173
1701075040784058580 1701075040830833797
1701075040830855013 1701075040857558800
1701075040857580213 1701075040902042426
1701075040902064263 1701075040930914985
1701075040930936541 1701075040957841359
1701075040957863511 1701075041005871941
1701075041005896349 1701075041032968343
1701075041032990163 1701075041060055265
1701075041060077034 1701075041111188743
1701075041111210373 1701075041137680018
1701075041137701308 1701075041163671536
1701075041163692777 1701075041191257450
1701075041191294832 1701075041217591895
1701075041217635945 1701075041244260136
1701075041244315562 1701075041270280857
1701075041270326144 1701075041296642118
1701075041296691337 1701075041324267513
1701075041324332595 1701075041378785564
1701075041378825712 1701075041404376335
1701075041404397678 1701075041456824451
1701075041456845741 1701075041484398361
1701075041484421910 1701075041539867548
1701075041539910862 1701075041596251257
1701075041596272407 1701075041622815531
1701075041622836858 1701075041679826257
1701075041679847608 1701075041706963499
1701075041707003713 1701075041733969157
1701075041733992804 1701075041790419481
1701075041790459176 1701075041816481610
1701075041816505135 1701075041843616015
1701075041843639850 1701075041870651096
1701075041870674243 1701075041927792747
1701075041927877651 1701075041954711127
1701075041954783433 1701075041982111757
1701075041982186759 1701075042008581802
1701075042008637817 1701075042036786705
1701075042036839586 1701075042063887004
1701075042063956621 1701075042089207551
1701075042089254528 1701075042116230154
1701075042116286176 1701075042144203573
1701075042144229729 1701075042171951841
1701075042172009118 1701075042199163596
1701075042199213007 1701075042226164488
1701075042226257925 1701075042254356955
1701075042254495802 1701075042284725247
1701075042284776791 1701075042311752990
1701075042311782570 1701075042340112325
1701075042340202702 1701075042366136075
1701075042366169305 1701075042394224570
1701075042394277183 1701075042444421619
1701075042444466832 1701075042470211394
1701075042470276724 1701075042497310101
1701075042497349224 1701075042527403252
1701075042527425559 1701075042552684948
1701075042552712826 1701075042582580535
1701075042582620629 1701075042607900403
1701075042607946244 1701075042637836430
1701075042637859518 1701075042663666145
1701075042663703337 1701075042696270323
1701075042696304345 1701075042722293471
1701075042722315366 1701075042748431820
1701075042748455949 1701075042779857312
1701075042779885519 1701075042805956592
1701075042806022279 1701075042833321629
1701075042833377429 1701075042861456870
1701075042861478655 1701075042894004592
1701075042894028996 1701075042920592387
1701075042920613715 1701075042953807940
1701075042953845798 1701075042979281609
1701075042979302447 1701075043006036532
1701075043006074778 1701075043039709281
1701075043039731648 1701075043066818586
1701075043066879768 1701075043094194064
1701075043094232714 1701075043127129065
1701075043127151222 1701075043154646127
1701075043154711545 1701075043188004462
1701075043188069524 1701075043214532022
1701075043214597048 1701075043250933306
1701075043250978374 1701075043278286739
1701075043278312347 1701075043315092135
1701075043315164518 1701075043341924058
1701075043341946397 1701075043367847730
1701075043367917400 1701075043394721628
1701075043394760514 1701075043421495124
1701075043421533161 1701075043448832875
1701075043448876864 1701075043490276895
1701075043490315336 1701075043517600846
1701075043517667265 1701075043545661481
1701075043545704991 1701075043585542658
1701075043585566475 1701075043612609724
1701075043612631300 1701075043639136958
1701075043639158722 1701075043666131377
1701075043666156886 1701075043692656546
1701075043692722851 1701075043733505832
1701075043733527358 1701075043761095148
1701075043761160017 1701075043788102666
1701075043788142871 1701075043831337760
1701075043831402126 1701075043864827222
1701075043864848139 1701075043907864333
1701075043907929828 1701075043953256153
1701075043953304340 1701075043979854334
1701075043979877008 1701075044007406049
1701075044007427433 1701075044055444769
1701075044055486295 1701075044082406085
1701075044082427662 1701075044107765373
1701075044107786382 1701075044154797169
1701075044154817880 1701075044181056250
1701075044181095819 1701075044228057711
1701075044228089024 1701075044254627927
1701075044254675327 1701075044281640879
1701075044281684273 1701075044331986712
1701075044332007632 1701075044359181265
1701075044359205669 1701075044384478436
1701075044384500283 1701075044410270535
1701075044410292075 1701075044462535397
1701075044462556020 1701075044488779847
1701075044488819091 1701075044515106296
1701075044515154401 1701075044570507214
1701075044570575283 1701075044596440062
1701075044596478221 1701075044622704903
1701075044622727342 1701075044648737226
1701075044648757944 1701075044674550838
1701075044674578718 1701075044701056994
1701075044701096468 1701075044727145409
1701075044727183343 1701075044753181958
1701075044753203662 1701075044807857524
1701075044807878012 1701075044860431595
1701075044860453050 1701075044886155884
1701075044886177182 1701075044912362730
1701075044912383743 1701075044938034103
1701075044938055115 1701075044963696125
1701075044963718000 1701075045016113600
1701075045016137064 1701075045072629274
1701075045072649957 1701075045097977732
1701075045098015155 1701075045124108409
1701075045124165025 1701075045175964197
1701075045175985199 1701075045199966052
1701075045199987447 1701075045226584864
1701075045226648423 1701075045251788636
1701075045251814899 1701075045304423499
1701075045304459478 1701075045331467925
1701075045331531895 1701075045358797564
1701075045358867029 1701075045413177598
1701075045413199083 1701075045438872905
1701075045439010063 1701075045465328440
1701075045465348933 1701075045491062564
1701075045491082613 1701075045517177410
1701075045517250620 1701075045544268899
1701075045544295662 1701075045569829209
1701075045569853466 1701075045596361157
1701075045596382447 1701075045622200378
1701075045622222254 1701075045648835598
1701075045648856554 1701075045672872506
1701075045672897800 1701075045697932233
1701075045697982833 1701075045724896769
1701075045724936498 1701075045754993397
1701075045755016455 1701075045781847135
1701075045781878054 1701075045807826673
1701075045807862026 1701075045834818984
1701075045834844798 1701075045864792915
1701075045864816242 1701075045890199543
1701075045890222685 1701075045920315257
1701075045920358602 1701075045946027036
1701075045946066616 1701075045972277560
1701075045972300900 1701075046000325344
1701075046000347955 1701075046031576596
1701075046031598836 1701075046057862791
1701075046057945770 1701075046084290578
1701075046084331785 1701075046109442003
1701075046109464163 1701075046140717842
1701075046140781111 1701075046165906476
1701075046165969928 1701075046193370099
1701075046193432975 1701075046226219790
1701075046226242176 1701075046252237945
1701075046252261983 1701075046278247661
1701075046278269539 1701075046314457949
1701075046314497267 1701075046342569390
1701075046342591735 1701075046367569892
1701075046367592088 1701075046393405792
1701075046393428661 1701075046418925810
1701075046418962560 1701075046455233098
1701075046455254990 1701075046481291316
1701075046481318129 1701075046507674968
1701075046507717048 1701075046543726109
1701075046543768723 1701075046568057536
1701075046568083243 1701075046594220634
1701075046594242620 1701075046619947156
1701075046619975919 1701075046657944535
1701075046657971058 1701075046682562671
1701075046682585281 1701075046707726357
1701075046707749165 1701075046733256214
1701075046733279134 1701075046769595179
1701075046769623625 1701075046796879548
1701075046796908747 1701075046822868228
1701075046822891792 1701075046848084645
1701075046848107913 1701075046885211981
1701075046885236070 1701075046911573082
1701075046911614608 1701075046950117668
1701075046950140354 1701075046975927427
1701075046975987260 1701075047002151932
1701075047002185605 1701075047040007761
1701075047040031437 1701075047065450071
1701075047065472439 1701075047092103526
1701075047092163894 1701075047128822421
1701075047128847718 1701075047153974049
1701075047154025575 1701075047180003244
1701075047180027165 1701075047204114962
1701075047204153361 1701075047245295110
1701075047245337179 1701075047274026248
1701075047274049728 1701075047312841518
1701075047312863044 1701075047336900829
1701075047336924418 1701075047361929007
1701075047361951591 1701075047403111737
1701075047403134734 1701075047428334316
1701075047428379464 1701075047455279379
1701075047455320375 1701075047497492112
1701075047497517666 1701075047523748064
1701075047523773245 1701075047549458134
1701075047549479875 1701075047592451421
1701075047592481938 1701075047618616100
1701075047618641570 1701075047645843426
1701075047645868633 1701075047670946927
1701075047670995119 1701075047696557189
1701075047696579731 1701075047739106101
1701075047739162532 1701075047764291529
1701075047764323949 1701075047789953160
1701075047790008744 1701075047837896676
1701075047837948935 1701075047882041702
1701075047882067565 1701075047909140137
1701075047909178700 1701075047934150712
1701075047934187925 1701075047958423256
1701075047958454717 1701075048004721051
1701075048004744321 1701075048053498569
1701075048053525761 1701075048102732458
1701075048102783583 1701075048128094682
1701075048128140392 1701075048154440199
1701075048154465544 1701075048182086524
1701075048182109037 1701075048208624485
1701075048208650267 1701075048234736082
1701075048234763575 1701075048261178848
1701075048261201262 1701075048287607536
1701075048287633480 1701075048314420732
1701075048314457702 1701075048339809997
1701075048339839584 1701075048364485469
1701075035741632545 1701075035770892706
1701075035770953622 1701075035797851469
1701075035797873580 1701075035824507948
1701075035824574049 1701075035860974636
1701075035861002816 1701075035888810028
1701075035888850790 1701075035915935464
1701075035915997946 1701075035942164138
1701075035942236217 1701075035967880670
1701075035967909765 1701075035993723963
1701075035993747246 1701075036021614592
1701075036021687793 1701075036062045552
1701075036062079622 1701075036088959745
1701075036088980303 1701075036115533301
1701075036115557992 1701075036155196916
1701075036155269827 1701075036181655358
1701075036181675492 1701075036209180250
1701075036209243348 1701075036236243679
1701075036236264189 1701075036277611212
1701075036277641135 1701075036304859916
1701075036304924012 1701075036332164405
1701075036332205344 1701075036358798776
1701075036358870450 1701075036385590076
1701075036385659168 1701075036412929324
1701075036412969370 1701075036440778254
1701075036440846550 1701075036467793982
1701075036467844428 1701075036512574128
1701075036512595141 1701075036537651848
1701075036537678593 1701075036563967904
1701075036564052070 1701075036589750900
1701075036589774443 1701075036618041261
1701075036618078802 1701075036662595317
1701075036662650200 1701075036688738088
1701075036688761151 1701075036715540383
1701075036715564771 1701075036741912643
1701075036741934551 1701075036788169589
1701075036788245641 1701075036814715183
1701075036814762816 1701075036840613143
1701075036840675261 1701075036866863945
1701075036866904908 1701075036892961731
1701075036892984193 1701075036939773349
1701075036939813724 1701075036967560736
1701075036967623874 1701075036994923793
1701075036995002631 1701075037022347784
1701075037022374766 1701075037049826547
1701075037049850353 1701075037101496239
1701075037101539362 1701075037160486581
1701075037160520855 1701075037187620393
1701075037187663228 1701075037214373146
1701075037214395267 1701075037241801914
1701075037241827761 1701075037277547799
1701075037277610288 1701075037334884415
1701075037334912296 1701075037359239462
1701075037359287408 1701075037386421087
1701075037386471171 1701075037410827661
1701075037410849058 1701075037437754521
1701075037437775721 1701075037463614128
1701075037463638584 1701075037489107943
1701075037489161570 1701075037546813419
1701075037546835258 1701075037603712652
1701075037603760190 1701075037660198515
1701075037660219235 1701075037717736416
1701075037717771291 1701075037743261746
1701075037743283624 1701075037801709375
1701075037801730534 1701075037827618513
1701075037827640313 1701075037854085194
1701075037854129832 1701075037915963992
1701075037915985008 1701075037942369583
1701075037942391135 1701075037970458152
1701075037970487323 1701075037998676273
1701075037998697923 1701075038027176070
1701075038027229415 1701075038054501617
1701075038054522763 1701075038113445652
1701075038113491093 1701075038140652281
1701075038140674042 1701075038168033614
1701075038168076565 1701075038193666108
1701075038193713717 1701075038220484265
1701075038220534163 1701075038272261835
1701075038272306308 1701075038299553707
1701075038299574756 1701075038326111907
1701075038326143676 1701075038378007838
1701075038378029050 1701075038436016880
1701075038436058391 1701075038463604830
1701075038463626128 1701075038490772624
1701075038490793195 1701075038518663091
1701075038518693663 1701075038546348191
1701075038546372861 1701075038573965918
1701075038573990216 1701075038631174752
1701075038631196381 1701075038689706263
1701075038689731818 1701075038744257773
1701075038744282065 1701075038771478528
1701075038771510317 1701075038799489649
1701075038799510212 1701075038828964076
1701075038828991671 1701075038884153946
1701075038884203767 1701075038910925067
1701075038910970548 1701075038969550136
1701075038969572830 1701075038999741917
1701075038999800723 1701075039025332630
1701075039025359900 1701075039081169706
1701075039081190947 1701075039139193774
1701075039139217650 1701075039165276614
1701075039165337151 1701075039190063711
1701075039190085311 1701075039217511805
1701075039217541032 1701075039245404989
1701075039245440342 1701075039273353359
1701075039273377940 1701075039299914931
1701075039299950375 1701075039327936775
1701075039327958531 1701075039354295929
1701075039354338561 1701075039382823181
1701075039382858158 1701075039410991777
1701075039411016436 1701075039440101388
1701075039440134637 1701075039466527927
1701075039466549832 1701075039492885327
1701075039492906448 1701075039523024970
1701075039523046601 1701075039548220835
1701075039548248879 1701075039575418836
1701075039575445121 1701075039605361335
1701075039605382982 1701075039635833730
1701075039635861944 1701075039662089338
1701075039662110628 1701075039688628079
1701075039688649775 1701075039715861830
1701075039715884347 1701075039747940269
1701075039747962053 1701075039773122882
1701075039773156031 1701075039804095780
1701075039804126048 1701075039830323565
1701075039830353275 1701075039863848155
1701075039863869989 1701075039890983237
1701075039891005108 1701075039918250629
1701075039918272394 1701075039945055455
1701075039945086867 1701075039979148554
1701075039979170760 1701075040007001540
1701075040007023287 1701075040032176760
1701075040032197860 1701075040065406906
1701075040065429280 1701075040092768642
1701075040092792336 1701075040126067988
1701075040126090247 1701075040152180727
1701075040152202519 1701075040185470499
1701075040185492387 1701075040212727625
1701075040212751557 1701075040240180832
1701075040240207919 1701075040274493059
1701075040274516937 1701075040300170478
1701075040300191823 1701075040336904681
1701075040336925783 1701075040363611799
1701075040363640191 1701075040389536422
1701075040389557651 1701075040416544463
1701075040416592165 1701075040453748865
1701075040453794583 1701075040480616065
1701075040480664701 1701075040507959152
1701075040508007282 1701075040535213642
1701075040535237949 1701075040562533819
1701075040562556822 1701075040589780577
1701075040589805955 1701075040617103818
1701075040617143147 1701075040643985855
1701075040644006764 1701075040683652196
1701075040683673501 1701075040710589191
1701075040710635407 1701075040753263676
1701075040753284594 1701075040781608430
1701075040781629350 1701075040809770881
1701075040809791455 1701075040852490966
1701075040852511941 1701075040879138118
1701075040879159868 1701075040906237418
1701075040906259469 1701075040953838386
1701075040953859768 1701075040980696734
1701075040980724149 1701075041025187189
1701075041025208694 1701075041070467695
1701075041070488928 1701075041097523959
1701075041097545459 1701075041123973881
1701075041123995013 1701075041151507651
1701075041151528618 1701075041196597970
1701075041196640134 1701075041224784169
1701075041224807853 1701075041270039749
1701075041270083019 1701075041315223909
1701075041315245703 1701075041342163637
1701075041342185031 1701075041369698689
1701075041369719612 1701075041397329255
1701075041397350068 1701075041423351765
1701075041423372544 1701075041450682178
1701075041450703109 1701075041478151894
1701075041478172629 1701075041505351321
1701075041505372819 1701075041532135124
1701075041532155936 1701075041559200278
1701075041559221198 1701075041585788155
1701075041585811748 1701075041611896623
1701075041611940364 1701075041639357896
1701075041639379046 1701075041666401670
1701075041666438764 1701075041695123097
1701075041695148259 1701075041721390519
1701075041721414222 1701075041747888538
1701075041747909554 1701075041775365958
1701075041775387581 1701075041802798391
1701075041802822553 1701075041858835577
1701075041858872410 1701075041885885882
1701075041885907325 1701075041912339484
1701075041912381663 1701075041938452638
1701075041938474243 1701075041991342939
1701075041991364870 1701075042016996495
1701075042017039368 1701075042068262608
1701075042068299826 1701075042094094088
1701075042094117359 1701075042148100624
1701075042148160328 1701075042201017987
1701075042201075847 1701075042254490077
1701075042254542413 1701075042283651007
1701075042283701445 1701075042311562957
1701075042311592386 1701075042338585063
1701075042338628024 1701075042367502887
1701075042367525682 1701075042393114241
1701075042393139814 1701075042441914729
1701075042441936010 1701075042470393759
1701075042470414219 1701075042497295296
1701075042497317114 1701075042525414551
1701075042525458575 1701075042555334508
1701075042555382049 1701075042581265411
1701075042581303440 1701075042607697233
1701075042607739071 1701075042635361204
1701075042635451982 1701075042663651886
1701075042663672989 1701075042691899627
1701075042691945931 1701075042723579406
1701075042723638339 1701075042748542909
1701075042748609635 1701075042775794697
1701075042775828224 1701075042807154108
1701075042807221859 1701075042833268353
1701075042833333041 1701075042866066623
1701075042866105000 1701075042893027297
1701075042893076345 1701075042920158869
1701075042920223661 1701075042948711656
1701075042948735104 1701075042976793326
1701075042976858672 1701075043013010668
1701075043013034031 1701075043039911542
1701075043039958889 1701075043066752586
1701075043066817943 1701075043104982907
1701075043105006464 1701075043131931162
1701075043131955402 1701075043158883094
1701075043158922939 1701075043186042191
1701075043186085267 1701075043226435939
1701075043226458815 1701075043252972204
1701075043253051042 1701075043279875347
1701075043279899613 1701075043306458264
1701075043306522454 1701075043350636360
1701075043350702421 1701075043378265788
1701075043378297631 1701075043404103450
1701075043404168365 1701075043450121575
1701075043450184425 1701075043477006450
1701075043477028147 1701075043504822527
1701075043504845415 1701075043548162909
1701075043548226217 1701075043574278131
1701075043574349394 1701075043617892349
1701075043617956681 1701075043642809388
1701075043642885636 1701075043667962878
1701075043668028205 1701075043715656340
1701075043715720642 1701075043742115773
1701075043742154824 1701075043769545709
1701075043769583924 1701075043818438444
1701075043818503435 1701075043851093600
1701075043851169916 1701075043877533769
1701075043877572229 1701075043903600828
1701075043903624206 1701075043930247517
1701075043930321872 1701075043956846850
1701075043956884644 1701075044003819170
1701075044003839857 1701075044029971058
1701075044030008024 1701075044080185291
1701075044080206042 1701075044133829690
1701075044133850297 1701075044187531842
1701075044187563086 1701075044213240256
1701075044213277430 1701075044263195065
1701075044263237689 1701075044289903154
1701075044289923993 1701075044315855485
1701075044315876815 1701075044342573213
1701075044342598188 1701075044369145024
1701075044369172173 1701075044424014172
1701075044424036209 1701075044451103166
1701075044451217573 1701075044501291053
1701075044501369108 1701075044527332069
1701075044527357733 1701075044553823475
1701075044553845650 1701075044606645165
1701075044606665703 1701075044633123619
1701075044633144789 1701075044657841462
1701075044657861908 1701075044713369073
1701075044713390992 1701075044739024251
1701075044739045309 1701075044791020517
1701075044791041523 1701075044816283593
1701075044816306295 1701075044843456372
1701075044843481147 1701075044869906979
1701075044869928788 1701075044896327658
1701075044896348363 1701075044947279127
1701075044947299979 1701075044998967304
1701075044999004558 1701075045025680327
1701075045025706523 1701075045052583015
1701075045052621007 1701075045079107581
1701075045079128198 1701075045130382576
1701075045130471508 1701075045157098723
1701075045157133274 1701075045212356761
1701075045212377578 1701075045237792747
1701075045237814012 1701075045266371307
1701075045266427672 1701075045291681271
1701075045291735636 1701075045346625112
1701075045346647601 1701075045373040324
1701075045373096177 1701075045399280799
1701075045399301002 1701075045456419923
1701075045456473634 1701075045483651202
1701075045483714908 1701075045509523188
1701075045509549322 1701075045536139793
1701075045536180500 1701075045562128686
1701075045562150960 1701075045590207611
1701075045590228599 1701075045616443701
1701075045616466292 1701075045642773511
1701075045642843642 1701075045670872447
1701075045670893112 1701075045699461665
1701075045699528575 1701075045725036021
1701075045725102864 1701075045752006063
1701075045752027471 1701075045780746929
1701075045780808937 1701075045807574329
1701075045807644767 1701075045837094739
1701075045837155858 1701075045861760201
1701075045861781201 1701075045891759377
1701075045891823036 1701075045917853539
1701075045917875862 1701075045943821049
1701075045943869355 1701075045974094121
1701075045974118737 1701075046000027394
1701075046000090712 1701075046026293877
1701075046026362693 1701075046057803412
1701075046057855053 1701075046083337674
1701075046083358920 1701075046113103853
1701075046113126042 1701075046137900241
1701075046137920961 1701075046168856609
1701075046168921170 1701075046195487047
1701075046195530518 1701075046219850438
1701075046219883319 1701075046250396244
1701075046250434854 1701075046278143950
1701075046278176318 1701075046305772893
1701075046305795754 1701075046338358283
1701075046338380797 1701075046365522086
1701075046365545280 1701075046399238442
1701075046399264582 1701075046425526664
1701075046425550577 1701075046451616668
1701075046451658729 1701075046484956251
1701075046484981931 1701075046510170083
1701075046510215600 1701075046535272091
1701075046535298387 1701075046567035951
1701075046567058213 1701075046592258779
1701075046592302368 1701075046626321066
1701075046626375252 1701075046652227251
1701075046652269085 1701075046677207162
1701075046677247519 1701075046709636830
1701075046709658939 1701075046735994180
1701075046736017877 1701075046761310773
1701075046761335913 1701075046797321056
1701075046797384319 1701075046823009191
1701075046823037299 1701075046860860444
1701075046860884125 1701075046887415710
1701075046887440175 1701075046911367537
1701075046911390014 1701075046938136302
1701075046938178460 1701075046975801694
1701075046975844127 1701075047002041544
1701075047002092694 1701075047027650067
1701075047027672722 1701075047065580485
1701075047065595198 1701075047091278969
1701075047091317389 1701075047116343580
1701075047116366483 1701075047153859312
1701075047153881693 1701075047179933898
1701075047179980550 1701075047218862008
1701075047218884128 1701075047245604427
1701075047245653987 1701075047273952595
1701075047273977233 1701075047300094556
1701075047300119251 1701075047338656555
1701075047338679353 1701075047363485876
1701075047363527284 1701075047388496589
1701075047388555360 1701075047414102205
1701075047414124437 1701075047457138009
1701075047457160320 1701075047482974622
1701075047483040051 1701075047509775342
1701075047509797625 1701075047552656833
1701075047552681853 1701075047578258030
1701075047578282518 1701075047623149149
1701075047623171967 1701075047649531204
1701075047649553243 1701075047674176850
1701075047674198727 1701075047721088246
1701075047721114270 1701075047745761627
1701075047745802161 1701075047771146003
1701075047771187517 1701075047816972261
1701075047817010404 1701075047842210572
1701075047842257899 1701075047872410378
1701075047872439348 1701075047920423887
1701075047920457049 1701075047944956893
1701075047944990991 1701075047971676860
1701075047971700070 1701075047997449996
1701075047997472225 1701075048023410414
1701075048023433449 1701075048050336402
1701075048050359457 1701075048075985233
1701075048076008059 1701075048102406306
1701075048102428793 1701075048127635729
1701075048127661476 1701075048185312240
1701075048185334841 1701075048211528767
1701075048211556742 1701075048268321391
1701075048268348567 1701075048320831254
1701075048320858150 1701075048373687058
1701075048373712990 1701075048402005325
1701075048402027696 1701075048427916236
1701075048427939061 1701075048455172092
1701075048455197187 1701075048480086922
1701075048480109389 1701075048507472041
1701075048507495335 1701075048533897137
1701075035741581559 1701075035771036009
1701075035771288148 1701075035798060548
1701075035798110250 1701075035824498067
1701075035824522215 1701075035851232863
1701075035851257586 1701075035879354082
1701075035879376692 1701075035906018910
1701075035906040510 1701075035934648891
1701075035934670658 1701075035963611886
1701075035963675558 1701075035993391437
1701075035993413475 1701075036024201141
1701075036024269618 1701075036051080218
1701075036051135104 1701075036079346751
1701075036079384564 1701075036108941935
1701075036108962502 1701075036134855918
1701075036134923386 1701075036162044384
1701075036162108069 1701075036192642468
1701075036192719129 1701075036223432688
1701075036223453048 1701075036251382505
1701075036251403820 1701075036277720444
1701075036277747434 1701075036309642417
1701075036309679711 1701075036340877972
1701075036340957139 1701075036367311944
1701075036367337785 1701075036399722242
1701075036399785622 1701075036432422008
1701075036432459511 1701075036459330669
1701075036459368710 1701075036487055550
1701075036487077009 1701075036519475408
1701075036519497453 1701075036551717353
1701075036551785872 1701075036577706725
1701075036577774501 1701075036611738336
1701075036611815328 1701075036638036033
1701075036638080118 1701075036670991202
1701075036671012807 1701075036697794009
1701075036697884041 1701075036731988106
1701075036732010018 1701075036758211373
1701075036758292031 1701075036792256721
1701075036792325125 1701075036824126557
1701075036824189290 1701075036849486814
1701075036849523870 1701075036884304920
1701075036884380882 1701075036911129568
1701075036911193072 1701075036945523843
1701075036945561187 1701075036971991097
1701075036972016606 1701075037007885513
1701075037007949142 1701075037044776325
1701075037044839351 1701075037070676045
1701075037070751147 1701075037107179346
1701075037107201053 1701075037133951258
1701075037133972917 1701075037159873375
1701075037159898973 1701075037187747364
1701075037187782978 1701075037227033014
1701075037227094157 1701075037262281436
1701075037262302549 1701075037300740567
1701075037300761633 1701075037331401632
1701075037331465160 1701075037369607985
1701075037369629308 1701075037396539003
1701075037396585736 1701075037423030331
1701075037423068364 1701075037461461486
1701075037461483170 1701075037488689387
1701075037488710974 1701075037516173219
1701075037516214884 1701075037543945732
1701075037543984588 1701075037572243187
1701075037572270233 1701075037601015714
1701075037601037530 1701075037628329146
1701075037628350264 1701075037654535980
1701075037654577936 1701075037682198279
1701075037682239211 1701075037709358858
1701075037709399349 1701075037736200561
1701075037736244098 1701075037765662039
1701075037765737064 1701075037793042013
1701075037793083508 1701075037819544186
1701075037819591836 1701075037860375124
1701075037860418056 1701075037887350405
1701075037887392126 1701075037914524907
1701075037914549643 1701075037960099721
1701075037960122546 1701075038004453010
1701075038004487094 1701075038031375857
1701075038031397315 1701075038074229754
1701075038074272743 1701075038101091584
1701075038101113021 1701075038146149968
1701075038146179189 1701075038173810097
1701075038173831785 1701075038220219671
1701075038220241927 1701075038247310837
1701075038247332055 1701075038274520706
1701075038274542082 1701075038317435439
1701075038317476834 1701075038344544395
1701075038344582459 1701075038369219625
1701075038369259870 1701075038397232421
1701075038397253953 1701075038448856757
1701075038448900292 1701075038492307290
1701075038492337160 1701075038518861784
1701075038518903420 1701075038564283535
1701075038564325107 1701075038592635480
1701075038592660904 1701075038619267522
1701075038619305644 1701075038646048833
1701075038646072326 1701075038693655539
1701075038693685813 1701075038721652002
1701075038721697346 1701075038772401555
1701075038772466501 1701075038819964799
1701075038819993569 1701075038846814669
1701075038848124942 1701075038876233452
1701075038876307771 1701075038902556205
1701075038902595532 1701075038930512971
1701075038930556627 1701075038958434114
1701075038958456717 1701075038986331194
1701075038986352994 1701075039015709165
1701075039015735673 1701075039042775064
1701075039042800862 1701075039069738749
1701075039069760614 1701075039096336396
1701075039096358067 1701075039123773452
1701075039123800318 1701075039150295408
1701075039150317709 1701075039180584054
1701075039180629394 1701075039207644041
1701075039207666286 1701075039234243709
1701075039234281761 1701075039260377556
1701075039260400499 1701075039289601627
1701075039289649417 1701075039316441543
1701075039316473158 1701075039342962206
1701075039343009048 1701075039369352615
1701075039369400376 1701075039402316863
1701075039402339580 1701075039429272422
1701075039429294837 1701075039455413806
1701075039455445911 1701075039481042044
1701075039481064278 1701075039507810624
1701075039507832543 1701075039540229865
1701075039540251970 1701075039567639949
1701075039567689735 1701075039594943673
1701075039594979697 1701075039620791692
1701075039620813951 1701075039647194612
1701075039647219770 1701075039680521194
1701075039680549594 1701075039707139036
1701075039707179158 1701075039733340788
1701075039733362878 1701075039765679455
1701075039765701539 1701075039791822962
1701075039791844904 1701075039818306675
1701075039818329354 1701075039845448140
1701075039845470194 1701075039881855088
1701075039881877205 1701075039909487008
1701075039909508446 1701075039935863435
1701075039935885575 1701075039962402134
1701075039962425562 1701075040000621646
1701075040000643236 1701075040027309765
1701075040027331839 1701075040053829905
1701075040053860402 1701075040080177482
1701075040080200180 1701075040107669960
1701075040107692212 1701075040144195471
1701075040144219875 1701075040170718117
1701075040170740346 1701075040197738571
1701075040197759971 1701075040242153540
1701075040242178008 1701075040267478294
1701075040267531961 1701075040315339568
1701075040315363176 1701075040342126146
1701075040342153434 1701075040367100670
1701075040367123243 1701075040394421330
1701075040394442764 1701075040444979171
1701075040445000822 1701075040493702805
1701075040493750462 1701075040520498440
1701075040520520081 1701075040547724781
1701075040547746259 1701075040597079804
1701075040597103383 1701075040623620604
1701075040623642364 1701075040674282192
1701075040674303585 1701075040699861931
1701075040699900869 1701075040727359348
1701075040727380736 1701075040756035333
1701075040756094356 1701075040809934277
1701075040809968843 1701075040837598499
1701075040837619805 1701075040863653328
1701075040863674526 1701075040889936164
1701075040889957934 1701075040940981456
1701075040941003297 1701075040968150264
1701075040968174329 1701075040995325476
1701075040995349752 1701075041022104318
1701075041022130264 1701075041049626354
1701075041049648028 1701075041076579439
1701075041076600880 1701075041131287184
1701075041131310904 1701075041187187333
1701075041187208908 1701075041243857468
1701075041243878640 1701075041269696793
1701075041269718208 1701075041296218475
1701075041296297831 1701075041349673504
1701075041349712136 1701075041377300859
1701075041377322693 1701075041433868900
1701075041433890528 1701075041485996378
1701075041486017458 1701075041511671874
1701075041511712083 1701075041566175325
1701075041566196607 1701075041592209619
1701075041592252707 1701075041644164480
1701075041644204262 1701075041695001321
1701075041695025541 1701075041750423265
1701075041750465834 1701075041802617273
1701075041802656771 1701075041829267862
1701075041829288730 1701075041885890600
1701075041885914813 1701075041912599741
1701075041912650848 1701075041964661108
1701075041964758882 1701075041991495366
1701075041991563989 1701075042042839977
1701075042042894048 1701075042093866202
1701075042093915270 1701075042118426421
1701075042118489122 1701075042174190415
1701075042174246903 1701075042200798916
1701075042200846458 1701075042228295226
1701075042228415773 1701075042257320978
1701075042257383801 1701075042287016526
1701075042287037585 1701075042313923958
1701075042313945805 1701075042340717215
1701075042340765839 1701075042365916074
1701075042365950671 1701075042393614044
1701075042393717350 1701075042442734346
1701075042442800986 1701075042469134561
1701075042469187269 1701075042499494098
1701075042499526600 1701075042525369912
1701075042525405905 1701075042552094491
1701075042552143584 1701075042580010025
1701075042580079228 1701075042611050515
1701075042611115202 1701075042635546747
1701075042635616765 1701075042666144777
1701075042666175270 1701075042692324197
1701075042692369422 1701075042720264436
1701075042720287303 1701075042751011507
1701075042751033404 1701075042777467890
1701075042777489438 1701075042805138759
1701075042805166311 1701075042837490461
1701075042837523485 1701075042863507203
1701075042863528234 1701075042890382802
1701075042890447561 1701075042923010174
1701075042923032300 1701075042949158305
1701075042949183652 1701075042982148403
1701075042982168812 1701075043008815799
1701075043008847545 1701075043035468255
1701075043035489298 1701075043072610855
1701075043072674948 1701075043099735677
1701075043099760215 1701075043126025522
1701075043126065523 1701075043165057593
1701075043165100240 1701075043191948023
1701075043192013172 1701075043219004419
1701075043219030265 1701075043246453680
1701075043246476364 1701075043287208051
1701075043287250768 1701075043314413993
1701075043314452800 1701075043341045709
1701075043341068733 1701075043381992307
1701075043382058253 1701075043424386824
1701075043424426785 1701075043451370632
1701075043451396716 1701075043477177838
1701075043477218124 1701075043519282978
1701075043519325311 1701075043545504195
1701075043545546323 1701075043571924494
1701075043571993847 1701075043598575172
1701075043598598280 1701075043641806527
1701075043641861307 1701075043684661905
1701075043684684770 1701075043711569302
1701075043711592113 1701075043737970788
1701075043738034598 1701075043781984334
1701075043782010971 1701075043808870910
1701075043808893319 1701075043834929910
1701075043835011482 1701075043889075756
1701075043889151598 1701075043913638814
1701075043913662539 1701075043940111689
1701075043940154425 1701075043990310249
1701075043990375268 1701075044017504528
1701075044017527664 1701075044043386341
1701075044043451303 1701075044070676426
1701075044070737611 1701075044096430333
1701075044096469418 1701075044122713387
1701075044122753980 1701075044147754898
1701075044147796162 1701075044173901284
1701075044173922741 1701075044201003359
1701075044201025121 1701075044227866955
1701075044227931747 1701075044275692884
1701075044275720061 1701075044301927175
1701075044301992237 1701075044349297040
1701075044349342986 1701075044399452864
1701075044399495381 1701075044425902519
1701075044425967299 1701075044451258481
1701075044451287560 1701075044476232892
1701075044476260508 1701075044527068678
1701075044527129645 1701075044553781736
1701075044553852874 1701075044580113875
1701075044580152835 1701075044631705116
1701075044631769664 1701075044688348968
1701075044688391842 1701075044743766593
1701075044743818581 1701075044769929167
1701075044769951854 1701075044796666786
1701075044796730375 1701075044824410988
1701075044824474601 1701075044879780427
1701075044879844163 1701075044932614949
1701075044932642274 1701075044959405006
1701075044959443462 1701075044986088178
1701075044986153388 1701075045013285412
1701075045013341010 1701075045040147570
1701075045040211707 1701075045093257328
1701075045093286742 1701075045119844869
1701075045119886824 1701075045146481516
1701075045146552213 1701075045173428250
1701075045173453885 1701075045230028108
1701075045230051507 1701075045282742731
1701075045282770761 1701075045307490784
1701075045307514170 1701075045334273656
1701075045334300474 1701075045390712929
1701075045390783798 1701075045415721875
1701075045415785220 1701075045440979201
1701075045441006039 1701075045495469175
1701075045495521745 1701075045522600431
1701075045522671886 1701075045550003034
1701075045550026406 1701075045576158353
1701075045576181841 1701075045604436257
1701075045604500832 1701075045632468911
1701075045632492884 1701075045659165926
1701075045659189703 1701075045685144263
1701075045685207897 1701075045714123704
1701075045714145977 1701075045741492467
1701075045741515754 1701075045767645744
1701075045767668228 1701075045797054983
1701075045797079099 1701075045824298823
1701075045824328641 1701075045851352569
1701075045851415978 1701075045877827189
1701075045877852181 1701075045904646010
1701075045904674341 1701075045933902461
1701075045933985146 1701075045960169622
1701075045960238925 1701075045990790543
1701075045990813553 1701075046016554881
1701075046016624498 1701075046041943368
1701075046041966026 1701075046072762006
1701075046072826341 1701075046099460103
1701075046099482989 1701075046125482558
1701075046125545486 1701075046151567851
1701075046151594477 1701075046182587078
1701075046182656027 1701075046209415986
1701075046209442133 1701075046235007526
1701075046235044718 1701075046267578900
1701075046267602413 1701075046294465568
1701075046294488090 1701075046321727274
1701075046321753190 1701075046353820038
1701075046353845907 1701075046380290418
1701075046380312857 1701075046413209495
1701075046413231939 1701075046439541431
1701075046439563980 1701075046465374937
1701075046465397794 1701075046498984777
1701075046499007088 1701075046524230278
1701075046524252323 1701075046550111550
1701075046550134007 1701075046583393875
1701075046583431700 1701075046609041705
1701075046609076642 1701075046633759278
1701075046633782998 1701075046666875302
1701075046666898164 1701075046691211465
1701075046691235733 1701075046725749363
1701075046725772512 1701075046751823204
1701075046751855530 1701075046778116942
1701075046778143991 1701075046814171225
1701075046814197088 1701075046840224359
1701075046840286069 1701075046865773705
1701075046865797278 1701075046902769905
1701075046902798235 1701075046928591474
1701075046928617081 1701075046953886454
1701075046953932306 1701075046991644310
1701075046991674881 1701075047020317470
1701075047020341753 1701075047046210142
1701075047046233778 1701075047083837757
1701075047083862039 1701075047109513856
1701075047109541512 1701075047134811435
1701075047134840100 1701075047175759650
1701075047175783698 1701075047201879444
1701075047201910074 1701075047227745656
1701075047227779664 1701075047267228335
1701075047267257898 1701075047294990956
1701075047295017583 1701075047321537662
1701075047321566242 1701075047362051585
1701075047362091674 1701075047388351781
1701075047388385227 1701075047428087195
1701075047428114207 1701075047455408528
1701075047455438499 1701075047483100114
1701075047483116157 1701075047523679680
1701075047523711287 1701075047549586325
1701075047549610864 1701075047574959809
1701075047574997097 1701075047602174604
1701075047602215314 1701075047645876123
1701075047645896048 1701075047689165957
1701075047689195874 1701075047715645047
1701075047715670259 1701075047742054896
1701075047742086245 1701075047783822675
1701075047783870123 1701075047809748470
1701075047809771907 1701075047836607768
1701075047836637760 1701075047862363779
1701075047862412014 1701075047888270075
1701075047888333886 1701075047933430391
1701075047933497248 1701075047979316216
1701075047979375350 1701075048005351215
1701075048005401474 1701075048029858648
1701075048029901700 1701075048077661160
1701075048077687720 1701075048103218536
1701075048103249803 1701075048160806715
1701075048160834705 1701075048218522982
1701075048218553912 1701075048244054787
1701075048244082306 1701075048300946956
1701075048300972404 1701075048326530633
1701075048326565386 1701075048350303378
1701075048350336738 1701075048405866896
1701075048405895101 1701075048457898023
1701075048457923962 1701075048512145236
1701075048512189104 1701075048568093012
1701075048568144381 1701075048595477895
1701075048595529192 1701075048654216696
