1701075054635299614 1701075054672008090
1701075054672037345 1701075054706380700
1701075054706402915 1701075054740858218
1701075054740879223 1701075054766750213
1701075054766771501 1701075054802006052
1701075054802031206 1701075054827442626
1701075054827464806 1701075054853932823
1701075054853988478 1701075054879894867
1701075054879957180 1701075054906034610
1701075054906079716 1701075054932082744
1701075054932127385 1701075054968251237
1701075054968318901 1701075054993519118
1701075054993541945 1701075055019404173
1701075055019468477 1701075055044560615
1701075055044624581 1701075055070410325
1701075055070433100 1701075055096554956
1701075055096580080 1701075055133563349
1701075055133626431 1701075055158435655
1701075055158457101 1701075055195884199
1701075055195916805 1701075055221410905
1701075055221439135 1701075055257276627
1701075055257298516 1701075055295124078
1701075055295148561 1701075055319719598
1701075055319769276 1701075055359196059
1701075055359218519 1701075055399529947
1701075055399598106 1701075055425771398
1701075055425840350 1701075055464881921
1701075055464951951 1701075055489579845
1701075055489715002 1701075055529924451
1701075055529945852 1701075055554864968
1701075055554933538 1701075055581359111
1701075055581431146 1701075055607409520
1701075055607431872 1701075055632833089
1701075055632855441 1701075055658271721
1701075055658319096 1701075055699531963
1701075055699613643 1701075055743581903
1701075055743616816 1701075055789545115
1701075055789640305 1701075055835406919
1701075055835435257 1701075055882812886
1701075055882845658 1701075055937902960
1701075055937965376 1701075055981509788
1701075055981547835 1701075056008336540
1701075056008366658 1701075056035740571
1701075056035778108 1701075056063563615
1701075056063610083 1701075056101194917
1701075056101256014 1701075056149974721
1701075056150004977 1701075056176355531
1701075056176382631 1701075056201966630
1701075056202000078 1701075056249914962
1701075056249936098 1701075056299395329
1701075056299418197 1701075056324796174
1701075056324817945 1701075056375543092
1701075056375572394 1701075056400893639
1701075056400919221 1701075056425409939
1701075056425433626 1701075056451956348
1701075056451978406 1701075056477217165
1701075056477239355 1701075056526956929
1701075056527023727 1701075056578282424
1701075056578323778 1701075056629392681
1701075056629415138 1701075056681941708
1701075056681979726 1701075056712107327
1701075056712128564 1701075056738695036
1701075056738717938 1701075056765695903
1701075056765724362 1701075056791954345
1701075056791975556 1701075056818439891
1701075056818467936 1701075056844964085
1701075056844986895 1701075056899551451
1701075056899589311 1701075056926905755
1701075056926964084 1701075056954165842
1701075056954206525 1701075056980477425
1701075056980515702 1701075057006861092
1701075057006885494 1701075057034264811
1701075057034300469 1701075057060906587
1701075057060927286 1701075057088915786
1701075057088961513 1701075057143046551
1701075057143073928 1701075057169050258
1701075057169075913 1701075057195308485
1701075057195333377 1701075057220517596
1701075057220575020 1701075057247613002
1701075057247644677 1701075057298599298
1701075057298644666 1701075057348745522
1701075057348767547 1701075057397622143
1701075057397645037 1701075057422930044
1701075057422959732 1701075057447695219
1701075057447717539 1701075057474036169
1701075057474057686 1701075057500105433
1701075057500127097 1701075057554702922
1701075057554726610 1701075057581150618
1701075057581176772 1701075057607310402
1701075057607350835 1701075057634134987
1701075057634176195 1701075057660732316
1701075057660753772 1701075057689923020
1701075057689987060 1701075057746262437
1701075057746284646 1701075057772019139
1701075057772082979 1701075057797983467
1701075057798004957 1701075057855888319
1701075057855943052 1701075057908481446
1701075057908525951 1701075057934029505
1701075057934068928 1701075057960240361
1701075057960265542 1701075058013831770
1701075058013961874 1701075058041421427
1701075058041468029 1701075058067925939
1701075058068003018 1701075058095866267
1701075058095901350 1701075058122560297
1701075058122650873 1701075058151180082
1701075058151207229 1701075058178005828
1701075058178087686 1701075058202358283
1701075058202385024 1701075058231209451
1701075058231273145 1701075058258963930
1701075058259004146 1701075058284202797
1701075058284223574 1701075058310842389
1701075058310905971 1701075058337242887
1701075058337285341 1701075058367113979
1701075058367183060 1701075058393468760
1701075058393489652 1701075058419075263
1701075058419138290 1701075058446819119
1701075058446888521 1701075058472411843
1701075058472436417 1701075058499193332
1701075058499229824 1701075058525721753
1701075058525758514 1701075058556729440
1701075058556750621 1701075058588643606
1701075058588710936 1701075058615216225
1701075058615236413 1701075058641453481
1701075058641473292 1701075058668076368
1701075058668098568 1701075058695373856
1701075058695394099 1701075058721477977
1701075058721497982 1701075058747385990
1701075058747405873 1701075058772699381
1701075058772732150 1701075058804549303
1701075058804607416 1701075058831949355
1701075058831973096 1701075058858721052
1701075058858784151 1701075058892256393
1701075058892294941 1701075058925679521
1701075058925716273 1701075058952492564
1701075058952547086 1701075058985514130
1701075058985596781 1701075059011351601
1701075059011379974 1701075059046438035
1701075059046501158 1701075059080314242
1701075059080377828 1701075059133847855
1701075059133930829 1701075059159724542
1701075059159750893 1701075059185092744
1701075059185137815 1701075059224069943
1701075059224107229 1701075059250288828
1701075059250328058 1701075059276837791
1701075059276883659 1701075059304024224
1701075059304068835 1701075059330302440
1701075059330342204 1701075059356813302
1701075059356841694 1701075059383283736
1701075059383320523 1701075059423743989
1701075059423782570 1701075059449906091
1701075059449978511 1701075059474734641
1701075059474750697 1701075059501509416
1701075059501531124 1701075059528053699
1701075059528068836 1701075059575311902
1701075059575383917 1701075059620635593
1701075059620659286 1701075059646694459
1701075059646756157 1701075059673730560
1701075059673751789 1701075059700131029
1701075059700168458 1701075059725932995
1701075059725998501 1701075059751775539
1701075059751796203 1701075059776170712
1701075059776194108 1701075059801522360
1701075059801568620 1701075059827570350
1701075059827609443 1701075059853716891
1701075059853737477 1701075059901920632
1701075059901945620 1701075059928142382
1701075059928206018 1701075059981905112
1701075059981926668 1701075060031346024
1701075060031410064 1701075060087060258
1701075060087118053 1701075060144409912
1701075060144473936 1701075060195784031
1701075060195805044 1701075060222955556
1701075060222976508 1701075060248917914
1701075060248946735 1701075060275820468
1701075060275885931 1701075060332689086
1701075060332709651 1701075060385096305
1701075060385165984 1701075060412060609
1701075060412082530 1701075060467096670
1701075060467160184 1701075060519641766
1701075060519711164 1701075060545915621
1701075060545936741 1701075060572188893
1701075060572209346 1701075060598431468
1701075060598451875 1701075060624671428
1701075060624740115 1701075060651970214
1701075060652007713 1701075060678463308
1701075060678515452 1701075060705495775
1701075060705518112 1701075060732797839
1701075060732841602 1701075060759801023
1701075060759822540 1701075060785469432
1701075060785493549 1701075060812056647
1701075060812079605 1701075060837990126
1701075060838011859 1701075060901316355
1701075060901341527 1701075060926612737
1701075060926638706 1701075060951104692
1701075060951140271 1701075060978054986
1701075060978083104 1701075061011532695
1701075061011554725 1701075061067778510
1701075061067800746 1701075061120340566
1701075061120403513 1701075061176718901
1701075061176782266 1701075061203227088
1701075061203266460 1701075061229725193
1701075061229796163 1701075061255374151
1701075061255397750 1701075061279933481
1701075061279958536 1701075061305884254
1701075061305947033 1701075061334624900
1701075061334656133 1701075061361443354
1701075061361463359 1701075061389309424
1701075061389339146 1701075061413809846
1701075061413832690 1701075061442245613
1701075061442266735 1701075061467416905
1701075061467438289 1701075061497185005
1701075061497208507 1701075061523185811
1701075061523205967 1701075061551592164
1701075061551612513 1701075061577121450
1701075061577141814 1701075061603575067
1701075061603643418 1701075061628656942
1701075061628721182 1701075061659420507
1701075061659440547 1701075061685348613
1701075061685373521 1701075061711014358
1701075061711035252 1701075061736474813
1701075061736539034 1701075061762274879
1701075061762338618 1701075061792356212
1701075061792419108 1701075061821966431
1701075061822028943 1701075061848027892
1701075061848055023 1701075061874325335
1701075061874351372 1701075061899769943
1701075061899832958 1701075061925046743
1701075061925070265 1701075061955508573
1701075061955573075 1701075061981560719
1701075061981581305 1701075062013192531
1701075062013256304 1701075062039296161
1701075062039322133 1701075062065162953
1701075062065189299 1701075062097769624
1701075062097791415 1701075062122558958
1701075062122580892 1701075062148927997
1701075062148948737 1701075062175431354
1701075062175455792 1701075062211196679
1701075062211219087 1701075062246059640
1701075062246082038 1701075062274396660
1701075062274418879 1701075062299795312
1701075062299830978 1701075062325285111
1701075062325316890 1701075062363838148
1701075062363860525 1701075062403955779
1701075062403978596 1701075062428941928
1701075062428964506 1701075062466686498
1701075062466713431 1701075062506853312
1701075062506877782 1701075062532475278
1701075062532496452 1701075062558493935
1701075062558515255 1701075062583875605
1701075062583912214 1701075062606780385
1701075062606826237 1701075062631981544
1701075062632019314 1701075062674401627
1701075062674422645 1701075062701399463
1701075062701420616 1701075062727708103
1701075062727729629 1701075062752496444
1701075062752518173 1701075062795685532
1701075062795737310 1701075062821912144
1701075062821956399 1701075062849337782
1701075062849420771 1701075062894119173
1701075062894140672 1701075062920266539
1701075062920291953 1701075062946751867
1701075062946776921 1701075062973554258
1701075062973570306 1701075063022524714
1701075063022548013 1701075063049249615
1701075063049271881 1701075063075326198
1701075063075351990 1701075063125218717
1701075063125242164 1701075063151933599
1701075063151956780 1701075063179661861
1701075063179682790 1701075063232484590
1701075063232506943 1701075063257588222
1701075063257617225 1701075063314952391
1701075063314993780 1701075063369548694
1701075063369570653 1701075063422672234
1701075063422713267 1701075063479026696
1701075063479049848 1701075063528761820
1701075063528806364 1701075063583482088
1701075063583507169 1701075063639913227
1701075063639934871 1701075063695997040
1701075063696037231 1701075063752725371
1701075063752747990 1701075063810330405
1701075063810352110 1701075063837990639
1701075063838011912 1701075063892195404
1701075063892217614 1701075063920109558
1701075063920191782 1701075063973846451
1701075063973868909 1701075064000315118
1701075064000336055 1701075064057087329
1701075064057113450 1701075064109090193
1701075064109154336 1701075064162387143
1701075064162424683 1701075064189114448
1701075064189136847 1701075064215434479
1701075064215498166 1701075064241820094
1701075064241884319 1701075064268125829
1701075064268166014 1701075064293510661
1701075064293547142 1701075064318259592
1701075064318298908 1701075064345219863
1701075064345283897 1701075064399496257
1701075064399537456 1701075064425558107
1701075064425582795 1701075064478635764
1701075064478659532 1701075064537407611
1701075064537481912 1701075064562937886
1701075064562992244 1701075064590516899
1701075064590549666 1701075064616944314
1701075064616966638 1701075064644373105
1701075064644396869 1701075064671138899
1701075064671203410 1701075064697691998
1701075064697714758 1701075064726032765
1701075064726053915 1701075064751426610
1701075064751452358 1701075064777871336
1701075064777894087 1701075064806985575
1701075064807006083 1701075064834134323
1701075064834156574 1701075064860200180
1701075064860268989 1701075064889535048
1701075064889590385 1701075064915469819
1701075064915534228 1701075064941237854
1701075064941300728 1701075064968044475
1701075064968113532 1701075064993941501
1701075064994004710 1701075065020397757
1701075065020418262 1701075065045917260
1701075065045931317 1701075065070301140
1701075065070365897 1701075065099975054
1701075065100038694 1701075065126087858
1701075065126108758 1701075065151263623
1701075065151326863 1701075065176421276
1701075065176441651 1701075065201440574
1701075065201461563 1701075065227105666
1701075065227131244 1701075065252532628
1701075065252555085 1701075065279302473
1701075065279328211 1701075065305329431
1701075065305355362 1701075065331528534
1701075065331550694 1701075065356948237
1701075065356989802 1701075065383560689
1701075065383582231 1701075065409771461
1701075065409793834 1701075065434980397
1701075065435003617 1701075065464240580
1701075065464268713 1701075065489972072
1701075065490002234 1701075065515855768
1701075065515882240 1701075065543679865
1701075065543705602 1701075065570794799
1701075065570820210 1701075065597235904
1701075065597259368 1701075065623436320
1701075065623459474 1701075065649975256
1701075065650014954 1701075065682098862
1701075065682121204 1701075065718542716
1701075065718566830 1701075065755013224
1701075065755039939 1701075065780536918
1701075065780562868 1701075065807567689
1701075065807603251 1701075065834194869
1701075065834216681 1701075065871835376
1701075065871858760 1701075065909588376
1701075065909611635 1701075065935635168
1701075065935657486 1701075065961926796
1701075065961949258 1701075065999219276
1701075065999242821 1701075066036556813
1701075066036581069 1701075066062580366
1701075066062601407 1701075066087833798
1701075066087875610 1701075066127442185
1701075066127484445 1701075066153927919
1701075066153950089 1701075066180721925
1701075066180760780 1701075066223225346
1701075066223308922 1701075066249232366
1701075066249253463 1701075066275467596
1701075066275489054 1701075066302858520
1701075066302891918 1701075066327992020
1701075066328014316 1701075066354282480
1701075066354314578 1701075066379785768
1701075066379807916 1701075066406108872
1701075066406163346 1701075066432489024
1701075066432535256 1701075066474272398
1701075066474297201 1701075066500582473
1701075066500608769 1701075066527307594
1701075066527328824 1701075066554206666
1701075066554228082 1701075066580457549
1701075066580491586 1701075066622130529
1701075066622152182 1701075066648040844
1701075066648078926 1701075066675112108
1701075066675133953 1701075066701978238
1701075066702000652 1701075066728916341
1701075066728937883 1701075066774612891
1701075066774635122 1701075066801482407
1701075066801505002 1701075066848039045
1701075066848064442 1701075066891556059
1701075066891597880 1701075066936961735
1701075066936983403 1701075066963379047
1701075066963400471 1701075067008882302
1701075067008903563 1701075067034862776
1701075067034907670 1701075067061790150
1701075067061811899 1701075067109398902
1701075067109471169 1701075067155646329
1701075067155704859 1701075067182580899
1701075067182675684 1701075067209095100
1701075067209191380 1701075067255031486
1701075067255098635 1701075067284725005
1701075067284771475 1701075067339146475
1701075067339168753 1701075067394855911
1701075067394877243 1701075067423238181
1701075067423259537 1701075067479419090
1701075067479505462 1701075067506869242
1701075067506920612 1701075067535132500
1701075067535182337 1701075067592646102
1701075067592713235 1701075067620143423
1701075054635317367 1701075054667461821
1701075054667501058 1701075054692414789
1701075054692483043 1701075054728336564
1701075054728358032 1701075054764034608
1701075054764089339 1701075054790176106
1701075054790216906 1701075054816874979
1701075054816915264 1701075054843301082
1701075054843378169 1701075054869971464
1701075054870010951 1701075054906974895
1701075054907002059 1701075054942227197
1701075054942247703 1701075054968100716
1701075054968188128 1701075055005673089
1701075055005731383 1701075055032583450
1701075055032648048 1701075055059089321
1701075055059110205 1701075055099276132
1701075055099375211 1701075055124911017
1701075055124942827 1701075055164622368
1701075055164648243 1701075055190205648
1701075055190226112 1701075055231076643
1701075055231135766 1701075055258209147
1701075055258278823 1701075055282911554
1701075055282933811 1701075055309047664
1701075055309106771 1701075055353060193
1701075055353085493 1701075055375562408
1701075055375631222 1701075055420738188
1701075055420760677 1701075055447324079
1701075055447346377 1701075055473107396
1701075055473170420 1701075055500941226
1701075055500963773 1701075055543970155
1701075055544004493 1701075055591130040
1701075055595335417 1701075055640096561
1701075055640159501 1701075055666225691
1701075055666257106 1701075055691630349
1701075055691694014 1701075055716141234
1701075055716196780 1701075055742515142
1701075055742600349 1701075055767666423
1701075055767696425 1701075055793631164
1701075055793690593 1701075055819579717
1701075055819619403 1701075055846681849
1701075055846703962 1701075055875427730
1701075055875491418 1701075055911827869
1701075055911850023 1701075055959080692
1701075055959102195 1701075055987614084
1701075055987690293 1701075056011568046
1701075056011586426 1701075056066044142
1701075056066117567 1701075056100832910
1701075056100870693 1701075056125574625
1701075056125647813 1701075056180983979
1701075056181027737 1701075056207541232
1701075056207569322 1701075056233115192
1701075056233187005 1701075056258039171
1701075056258103041 1701075056284324356
1701075056284399662 1701075056340736678
1701075056340759672 1701075056367210010
1701075056367284201 1701075056393699555
1701075056393746235 1701075056448549435
1701075056448579969 1701075056474669880
1701075056474736291 1701075056500174372
1701075056500196012 1701075056525172583
1701075056526386945 1701075056552133498
1701075056552174837 1701075056578333060
1701075056578354287 1701075056605147296
1701075056605169805 1701075056632023195
1701075056632048518 1701075056685397254
1701075056685422757 1701075056739298776
1701075056739344636 1701075056792072063
1701075056792115091 1701075056848297245
1701075056848326206 1701075056873791909
1701075056873821715 1701075056900068856
1701075056900093995 1701075056957681467
1701075056957745810 1701075056982898596
1701075056982920070 1701075057041026363
1701075057041091849 1701075057095864799
1701075057095931655 1701075057122453273
1701075057122517009 1701075057179058006
1701075057179122440 1701075057234046802
1701075057234072001 1701075057260394122
1701075057260433884 1701075057287160238
1701075057287199261 1701075057340719108
1701075057340756379 1701075057394266212
1701075057394287749 1701075057420199536
1701075057420266753 1701075057474233234
1701075057474299688 1701075057502207236
1701075057502256389 1701075057526919428
1701075057526935376 1701075057554658622
1701075057554692924 1701075057581147208
1701075057581170825 1701075057607545080
1701075057607595270 1701075057659214527
1701075057659240210 1701075057716673630
1701075057716703177 1701075057777409891
1701075057777433546 1701075057804094664
1701075057804115684 1701075057830767413
1701075057830830759 1701075057856076491
1701075057856152941 1701075057880260247
1701075057880303037 1701075057906826341
1701075057906889633 1701075057961242846
1701075057961338186 1701075057987604079
1701075057987698772 1701075058014887066
1701075058014946116 1701075058068864876
1701075058068928911 1701075058095321066
1701075058095346837 1701075058122364510
1701075058122429349 1701075058150838945
1701075058150876964 1701075058178250699
1701075058178275157 1701075058202600327
1701075058202633298 1701075058228838698
1701075058228871217 1701075058257004912
1701075058257026369 1701075058282561164
1701075058282581526 1701075058313186034
1701075058313206918 1701075058339187930
1701075058339252122 1701075058364950804
1701075058365015171 1701075058391516214
1701075058391585469 1701075058418927380
1701075058419005426 1701075058446858035
1701075058446961546 1701075058472300360
1701075058472335976 1701075058502525313
1701075058502562560 1701075058532577841
1701075058532634516 1701075058563555615
1701075058563656069 1701075058590115124
1701075058590152280 1701075058615486937
1701075058615529891 1701075058641852024
1701075058641899748 1701075058672591960
1701075058672655133 1701075058698613174
1701075058698652317 1701075058730878935
1701075058730917656 1701075058756710858
1701075058756731999 1701075058782606226
1701075058782669024 1701075058807020409
1701075058807037929 1701075058831656984
1701075058831691764 1701075058858915532
1701075058858985034 1701075058885360790
1701075058885414467 1701075058912076516
1701075058912100490 1701075058944553458
1701075058944595908 1701075058976525705
1701075058976561994 1701075059011644790
1701075059011671874 1701075059037590891
1701075059037621914 1701075059064289405
1701075059064311399 1701075059113087155
1701075059113110660 1701075059139403291
1701075059139426555 1701075059173818134
1701075059173882244 1701075059200641925
1701075059200700776 1701075059228113087
1701075059228177091 1701075059254631489
1701075059254707468 1701075059281091088
1701075059281175700 1701075059308854817
1701075059308880827 1701075059346525457
1701075059346548521 1701075059373107287
1701075059373132634 1701075059399872335
1701075059400183814 1701075059425573726
1701075059425597920 1701075059450104081
1701075059450177779 1701075059474762479
1701075059474792079 1701075059514239164
1701075059514264280 1701075059540031558
1701075059540054865 1701075059565644913
1701075059565670389 1701075059607708878
1701075059607732289 1701075059633790236
1701075059633816790 1701075059661407385
1701075059661484140 1701075059686867945
1701075059686921087 1701075059713159605
1701075059713226679 1701075059753097335
1701075059753120770 1701075059791783945
1701075059791842260 1701075059831607860
1701075059831630486 1701075059857414797
1701075059857437042 1701075059884082997
1701075059884104763 1701075059925687330
1701075059925710509 1701075059951460064
1701075059951483952 1701075059977939687
1701075059977961680 1701075060004258281
1701075060004281180 1701075060031296194
1701075060031360470 1701075060057680942
1701075060057707259 1701075060102601278
1701075060102624989 1701075060130924122
1701075060130954205 1701075060157191367
1701075060157266153 1701075060182557483
1701075060182583797 1701075060207860457
1701075060207883182 1701075060252933750
1701075060252998717 1701075060300259456
1701075060300321526 1701075060328370751
1701075060328393244 1701075060355645911
1701075060355669075 1701075060403422266
1701075060403472811 1701075060429269100
1701075060429333832 1701075060455917257
1701075060455940355 1701075060482183083
1701075060482241241 1701075060508467619
1701075060508493828 1701075060554200712
1701075060554223679 1701075060604286116
1701075060604308906 1701075060629635917
1701075060629658468 1701075060681004598
1701075060681083162 1701075060705842526
1701075060705890310 1701075060732141056
1701075060732172428 1701075060759752748
1701075060759775022 1701075060786217034
1701075060786286413 1701075060840556540
1701075060840581891 1701075060898551731
1701075060898580853 1701075060924225504
1701075060924249219 1701075060978153782
1701075060978171273 1701075061035105354
1701075061035170294 1701075061090870276
1701075061090893535 1701075061142794410
1701075061142820284 1701075061198710134
1701075061198732591 1701075061254545076
1701075061254571149 1701075061310474648
1701075061310521200 1701075061336144270
1701075061336172275 1701075061361801616
1701075061361827439 1701075061388785691
1701075061388829562 1701075061414096702
1701075061414130581 1701075061440184409
1701075061440225780 1701075061468995045
1701075061469066556 1701075061494651296
1701075061494674457 1701075061521685359
1701075061521723723 1701075061547932598
1701075061547996813 1701075061576596127
1701075061576660171 1701075061602487200
1701075061602511476 1701075061631310090
1701075061631332872 1701075061657336842
1701075061657364375 1701075061683157292
1701075061683183775 1701075061711965150
1701075061711985695 1701075061739568052
1701075061739595509 1701075061765064275
1701075061765090266 1701075061791176931
1701075061791202940 1701075061816136050
1701075061816162393 1701075061842235025
1701075061842257885 1701075061867409238
1701075061867435990 1701075061893606393
1701075061893631938 1701075061918913327
1701075061918934976 1701075061944555871
1701075061944624974 1701075061979984702
1701075061980007035 1701075062005815989
1701075062005838696 1701075062030641286
1701075062030666080 1701075062056310350
1701075062056332804 1701075062079917986
1701075062079946538 1701075062105989501
1701075062106013089 1701075062131434552
1701075062131461663 1701075062158408235
1701075062158435275 1701075062199301226
1701075062199377368 1701075062240403664
1701075062240469875 1701075062266018598
1701075062266041636 1701075062294332770
1701075062294424801 1701075062320637910
1701075062320709668 1701075062347530689
1701075062347589073 1701075062372904685
1701075062372927808 1701075062415752770
1701075062415776622 1701075062439387654
1701075062439411843 1701075062467553867
1701075062467626428 1701075062492786871
1701075062492810033 1701075062536436108
1701075062536509968 1701075062579489787
1701075062579534996 1701075062606339279
1701075062606404135 1701075062650230056
1701075062650253860 1701075062676928613
1701075062676952478 1701075062721936185
1701075062721958996 1701075062748282681
1701075062748322326 1701075062775349277
1701075062775372239 1701075062800321479
1701075062800346235 1701075062850159257
1701075062850184868 1701075062875651950
1701075062875700379 1701075062901885810
1701075062901908303 1701075062927716490
1701075062927774343 1701075062974091412
1701075062974114938 1701075062999696109
1701075062999741188 1701075063049879349
1701075063049944796 1701075063102838727
1701075063102878272 1701075063152045996
1701075063152066461 1701075063179832816
1701075063179860050 1701075063206964366
1701075063207004033 1701075063233534652
1701075063233561919 1701075063282803162
1701075063282829661 1701075063310062866
1701075063310127193 1701075063337563088
1701075063337601418 1701075063364501443
1701075063364530368 1701075063391733361
1701075063391790799 1701075063418702901
1701075063418749520 1701075063446220725
1701075063446245486 1701075063473308310
1701075063473350546 1701075063499726425
1701075063499753504 1701075063554433854
1701075063554467673 1701075063581515036
1701075063581540417 1701075063609427454
1701075063609486066 1701075063637342747
1701075063637365643 1701075063663883763
1701075063663910740 1701075063691500412
1701075063691578189 1701075063718516586
1701075063718581329 1701075063745165923
1701075063745222314 1701075063772765421
1701075063772791171 1701075063798685350
1701075063798754358 1701075063824831409
1701075063824856945 1701075063851520205
1701075063851589785 1701075063878084109
1701075063878161038 1701075063934431146
1701075063934477230 1701075063960814712
1701075063960844452 1701075063986737179
1701075063986804156 1701075064014289819
1701075064014311221 1701075064040774489
1701075064040849906 1701075064097947218
1701075064098010368 1701075064124541892
1701075064124569608 1701075064150702006
1701075064150732024 1701075064176811821
1701075064176883104 1701075064228555605
1701075064228578932 1701075064254578944
1701075064254602622 1701075064308264913
1701075064308287472 1701075064335219931
1701075064335245872 1701075064360602526
1701075064360686457 1701075064386732381
1701075064386761495 1701075064410970520
1701075064410998179 1701075064439603610
1701075064439671214 1701075064467855238
1701075064467879302 1701075064493921075
1701075064493943782 1701075064521090619
1701075064521153994 1701075064550440759
1701075064550504924 1701075064577881144
1701075064577959193 1701075064605133363
1701075064605197067 1701075064631401280
1701075064631442101 1701075064658586488
1701075064658659141 1701075064688201025
1701075064688263673 1701075064716923512
1701075064716987359 1701075064742619832
1701075064742644170 1701075064768044692
1701075064768070511 1701075064793975919
1701075064793998536 1701075064819292721
1701075064819315150 1701075064851112748
1701075064851134746 1701075064882795343
1701075064882816715 1701075064908956589
1701075064908981817 1701075064935494828
1701075064935522143 1701075064966176806
1701075064966238177 1701075064998029388
1701075064998092579 1701075065028908407
1701075065028947749 1701075065053265369
1701075065053335099 1701075065079396616
1701075065079422651 1701075065106049604
1701075065106120051 1701075065138104067
1701075065138127104 1701075065164542008
1701075065164564995 1701075065196497680
1701075065196520295 1701075065228919584
1701075065228950334 1701075065253870396
1701075065253935309 1701075065285869731
1701075065285895498 1701075065311675611
1701075065311740125 1701075065337630872
1701075065337696024 1701075065364082387
1701075065364107568 1701075065397491361
1701075065397515074 1701075065432378570
1701075065432404838 1701075065457553438
1701075065457618133 1701075065484639116
1701075065484661831 1701075065510499287
1701075065510521609 1701075065545801645
1701075065545829184 1701075065580622915
1701075065580646835 1701075065616047782
1701075065616073492 1701075065641770077
1701075065641793496 1701075065676466397
1701075065676488661 1701075065702008500
1701075065702030497 1701075065727833310
1701075065727856273 1701075065753891739
1701075065753914517 1701075065780590565
1701075065780614634 1701075065807287149
1701075065807312126 1701075065847326016
1701075065847349323 1701075065872756703
1701075065872782010 1701075065897834233
1701075065897855886 1701075065923587161
1701075065923629654 1701075065949882062
1701075065949909907 1701075065988851083
1701075065988872748 1701075066014633670
1701075066014659317 1701075066055374007
1701075066055395689 1701075066081026395
1701075066081048406 1701075066107449849
1701075066107494885 1701075066133642356
1701075066133683767 1701075066160320260
1701075066160341816 1701075066185999339
1701075066186021335 1701075066212279102
1701075066212319516 1701075066256401707
1701075066256423467 1701075066299438837
1701075066299480442 1701075066343564368
1701075066343608139 1701075066387876144
1701075066387918692 1701075066413301004
1701075066413325674 1701075066439340938
1701075066439362962 1701075066465376526
1701075066465399375 1701075066512660065
1701075066512685640 1701075066557335031
1701075066557356653 1701075066603768727
1701075066603791072 1701075066649257465
1701075066649279849 1701075066675277926
1701075066675360232 1701075066702074829
1701075066702092410 1701075066729024976
1701075066729048934 1701075066756547633
1701075066756570631 1701075066782893520
1701075066782917776 1701075066833944579
1701075066833974611 1701075066860056571
1701075066860086913 1701075066887168848
1701075066887193501 1701075066913836141
1701075066913858366 1701075066940080752
1701075066940102548 1701075066985822788
1701075066985848442 1701075067011797244
1701075067011819084 1701075067037864096
1701075067037886358 1701075067063732928
1701075067063758525 1701075067090071171
1701075067090093151 1701075067117535602
1701075067117560165 1701075067143008712
1701075067143037481 1701075067169390192
1701075067169415909 1701075067223595877
1701075067223618272 1701075067250837631
1701075067250863053 1701075067278008586
1701075067278031950 1701075067308257118
1701075067308279454 1701075067336459068
1701075067336480230 1701075067364329971
1701075054635494365 1701075054665505456
1701075054665574815 1701075054693359905
1701075054693389560 1701075054719553230
1701075054719593285 1701075054745797330
1701075054745826134 1701075054773625647
1701075054773688972 1701075054800786881
1701075054800814090 1701075054829188124
1701075054829210118 1701075054857570568
1701075054857596757 1701075054883442182
1701075054883506048 1701075054909589810
1701075054909610591 1701075054938969118
1701075054938995152 1701075054964327835
1701075054964378913 1701075054990397278
1701075054990461181 1701075055020083420
1701075055020169792 1701075055048339273
1701075055048374970 1701075055077027494
1701075055077065574 1701075055102005884
1701075055102050507 1701075055130546434
1701075055130593474 1701075055156056385
1701075055156078376 1701075055182121954
1701075055182185220 1701075055208396569
1701075055208419756 1701075055234266528
1701075055234289273 1701075055264627556
1701075055264650450 1701075055289663452
1701075055289685793 1701075055322384732
1701075055322463269 1701075055348037076
1701075055348120040 1701075055374749793
1701075055374772872 1701075055401604360
1701075055401703227 1701075055426250817
1701075055426290942 1701075055451644274
1701075055451666713 1701075055487382987
1701075055487410783 1701075055513788391
1701075055513838913 1701075055540441227
1701075055540467139 1701075055575408489
1701075055575471711 1701075055601380845
1701075055601402865 1701075055626258889
1701075055626288820 1701075055652908218
1701075055652963542 1701075055686654646
1701075055686732993 1701075055713035429
1701075055713072349 1701075055739950794
1701075055740038974 1701075055767223401
1701075055767245345 1701075055793698329
1701075055793725199 1701075055828090561
1701075055828111455 1701075055854796306
1701075055854857608 1701075055903217111
1701075055903298457 1701075055929182641
1701075055929246266 1701075055955332020
1701075055955403910 1701075055987719702
1701075055987743803 1701075056022577909
1701075056022623177 1701075056059824148
1701075056059890794 1701075056112202025
1701075056112224628 1701075056138252464
1701075056138292777 1701075056163415698
1701075056163439034 1701075056189553420
1701075056189574950 1701075056230215615
1701075056230261252 1701075056255642216
1701075056255665570 1701075056281700711
1701075056281736213 1701075056307724227
1701075056307759605 1701075056345099205
1701075056345126870 1701075056369829620
1701075056369864875 1701075056395177882
1701075056395202058 1701075056419834539
1701075056419856358 1701075056459322326
1701075056459353588 1701075056484442411
1701075056484473026 1701075056510966914
1701075056510988434 1701075056541557629
1701075056541642152 1701075056568102377
1701075056568124565 1701075056594156598
1701075056594208937 1701075056633445144
1701075056633469683 1701075056656764137
1701075056656802977 1701075056682526985
1701075056682609819 1701075056724941919
1701075056724964561 1701075056751298831
1701075056751346547 1701075056777913667
1701075056777935354 1701075056821792428
1701075056821818900 1701075056847611645
1701075056847634515 1701075056873904884
1701075056873949897 1701075056918822652
1701075056918866929 1701075056944856140
1701075056944894257 1701075056991122587
1701075056991164671 1701075057034373894
1701075057034396419 1701075057080050464
1701075057080071817 1701075057106616114
1701075057106663228 1701075057149263246
1701075057149285409 1701075057193640463
1701075057193667419 1701075057220383569
1701075057220405902 1701075057247087115
1701075057247146544 1701075057274214711
1701075057274272002 1701075057301485310
1701075057301514517 1701075057326545983
1701075057326568265 1701075057353250864
1701075057353278198 1701075057379784158
1701075057379810034 1701075057429903661
1701075057429925982 1701075057456264988
1701075057456339254 1701075057502403834
1701075057502495319 1701075057526769936
1701075057526848676 1701075057554597987
1701075057554646446 1701075057599461419
1701075057599502651 1701075057646992908
1701075057647039741 1701075057695948044
1701075057696038852 1701075057721727390
1701075057721798245 1701075057746288074
1701075057746300089 1701075057772297774
1701075057772322865 1701075057798094581
1701075057798131950 1701075057824834829
1701075057824899306 1701075057853912533
1701075057853954315 1701075057882795209
1701075057882852263 1701075057909718611
1701075057909741135 1701075057935655676
1701075057935693609 1701075057960441829
1701075057960464784 1701075057987650103
1701075057987676222 1701075058017200337
1701075058017241166 1701075058046509559
1701075058046549826 1701075058074815307
1701075058074853956 1701075058100929390
1701075058100950112 1701075058130534208
1701075058130555614 1701075058160597955
1701075058160645503 1701075058186708878
1701075058186746645 1701075058216850371
1701075058216894315 1701075058243130775
1701075058243152068 1701075058269882238
1701075058269919415 1701075058297052550
1701075058297132142 1701075058328536899
1701075058328601882 1701075058360644445
1701075058360701043 1701075058391815480
1701075058391843179 1701075058425307278
1701075058425327697 1701075058458343834
1701075058458399905 1701075058484800965
1701075058484838212 1701075058511356452
1701075058511431806 1701075058538156155
1701075058538219511 1701075058563718861
1701075058563757397 1701075058590261328
1701075058590288806 1701075058622533395
1701075058622597607 1701075058657411499
1701075058657475051 1701075058684135540
1701075058684177109 1701075058711092164
1701075058711116754 1701075058745513131
1701075058745586142 1701075058780190396
1701075058780244542 1701075058806327688
1701075058806347973 1701075058831788678
1701075058831815217 1701075058868308348
1701075058868357092 1701075058904852432
1701075058904896465 1701075058930853141
1701075058930916507 1701075058956539603
1701075058956560166 1701075058983123204
1701075058983187187 1701075059010201876
1701075059010241243 1701075059037212424
1701075059037233201 1701075059063399042
1701075059063420548 1701075059132764828
1701075059132833771 1701075059159577705
1701075059159599491 1701075059185206071
1701075059185228377 1701075059211631980
1701075059211656705 1701075059258924427
1701075059258970890 1701075059306198115
1701075059306219021 1701075059331806479
1701075059331847150 1701075059356886523
1701075059356914623 1701075059403192709
1701075059403250007 1701075059429401502
1701075059429467557 1701075059474639332
1701075059474661042 1701075059501655213
1701075059501710274 1701075059551350569
1701075059551415788 1701075059577775025
1701075059577840008 1701075059605051891
1701075059605089365 1701075059661038954
1701075059661060045 1701075059710222369
1701075059710261158 1701075059735506680
1701075059735528308 1701075059789990037
1701075059790014560 1701075059816583514
1701075059816607441 1701075059843252817
1701075059843294927 1701075059897388812
1701075059897453377 1701075059923327014
1701075059923351958 1701075059949538897
1701075059949563339 1701075059978046100
1701075059978069919 1701075060004212408
1701075060004277320 1701075060055530998
1701075060055609729 1701075060083087957
1701075060083152086 1701075060110059901
1701075060110081473 1701075060162836041
1701075060162888931 1701075060188234856
1701075060188256176 1701075060213473699
1701075060213520294 1701075060239505866
1701075060239548759 1701075060265518659
1701075060265587069 1701075060290327897
1701075060290345760 1701075060316319372
1701075060316343114 1701075060342703524
1701075060342773780 1701075060369442765
1701075060369464241 1701075060423971253
1701075060424035652 1701075060448546289
1701075060448567570 1701075060476264773
1701075060476291622 1701075060502479268
1701075060502501356 1701075060528141421
1701075060528210755 1701075060579700078
1701075060579764348 1701075060629673332
1701075060629708539 1701075060655878257
1701075060655921205 1701075060681921335
1701075060681949390 1701075060735910253
1701075060735932846 1701075060786255325
1701075060786276833 1701075060811992612
1701075060812041031 1701075060839021866
1701075060839045095 1701075060864219956
1701075060864266456 1701075060897866333
1701075060897899073 1701075060925596033
1701075060925618118 1701075060950789469
1701075060950812123 1701075060979937808
1701075060979962424 1701075061004585601
1701075061004608993 1701075061030074293
1701075061030095203 1701075061057472628
1701075061057493362 1701075061084896719
1701075061084955180 1701075061111417709
1701075061111442527 1701075061137578167
1701075061137599579 1701075061164260442
1701075061164281116 1701075061194232319
1701075061194286411 1701075061220777010
1701075061220848374 1701075061247048907
1701075061247069448 1701075061276818812
1701075061276882718 1701075061307019580
1701075061307040826 1701075061332474440
1701075061332496088 1701075061359178561
1701075061359218740 1701075061386264549
1701075061386285575 1701075061417725528
1701075061417746355 1701075061442012684
1701075061442054647 1701075061467711062
1701075061467735537 1701075061494780772
1701075061494809025 1701075061521569899
1701075061521608786 1701075061553074370
1701075061553135343 1701075061577351365
1701075061577374616 1701075061609184996
1701075061609206346 1701075061635146584
1701075061635209984 1701075061661471342
1701075061661535746 1701075061687371829
1701075061687395009 1701075061722629997
1701075061722650446 1701075061750275791
1701075061750298257 1701075061777036195
1701075061777099310 1701075061814233536
1701075061814297342 1701075061842325534
1701075061842345353 1701075061867606046
1701075061867660229 1701075061906364721
1701075061906386594 1701075061931687393
1701075061931709535 1701075061971468251
1701075061971495071 1701075061996409386
1701075061996478333 1701075062023194447
1701075062023270686 1701075062064725615
1701075062064748744 1701075062091512076
1701075062091575896 1701075062134654242
1701075062134679938 1701075062173878484
1701075062173901226 1701075062199486559
1701075062199509771 1701075062224916830
1701075062224938772 1701075062250053449
1701075062250117192 1701075062274481535
1701075062274699338 1701075062317349333
1701075062317650388 1701075062361555477
1701075062361620536 1701075062388449223
1701075062388512837 1701075062415047425
1701075062415076661 1701075062457432105
1701075062457454566 1701075062483264603
1701075062483287563 1701075062510204770
1701075062510231713 1701075062536169864
1701075062536244666 1701075062560885455
1701075062560955741 1701075062607079324
1701075062607105003 1701075062632791529
1701075062632817174 1701075062658765166
1701075062658835543 1701075062707441612
1701075062707480725 1701075062752978263
1701075062753001896 1701075062777992251
1701075062778017706 1701075062825875424
1701075062825930358 1701075062875211649
1701075062875241271 1701075062920134890
1701075062920158905 1701075062946521782
1701075062946569776 1701075062991651419
1701075062991715304 1701075063018391056
1701075063018414233 1701075063045060614
1701075063045085221 1701075063071938141
1701075063072002923 1701075063098213085
1701075063098245674 1701075063123970175
1701075063124034415 1701075063179916599
1701075063179939944 1701075063206991579
1701075063207068898 1701075063257472820
1701075063257542382 1701075063285156474
1701075063285186812 1701075063337667214
1701075063337700681 1701075063364353483
1701075063364377269 1701075063391742624
1701075063391841305 1701075063418724086
1701075063418754166 1701075063446112267
1701075063446134060 1701075063473206458
1701075063473269385 1701075063499784128
1701075063499817365 1701075063527395297
1701075063527422098 1701075063554445858
1701075063554487391 1701075063612891626
1701075063612960411 1701075063669037099
1701075063669059968 1701075063728789170
1701075063728810799 1701075063787819447
1701075063787888789 1701075063813794627
1701075063813859092 1701075063866252818
1701075063866314404 1701075063892718785
1701075063892742793 1701075063950026841
1701075063950109816 1701075063976418876
1701075063976440536 1701075064032765533
1701075064032830791 1701075064058194131
1701075064058222186 1701075064083157946
1701075064083182338 1701075064139611896
1701075064139659010 1701075064165759781
1701075064165819696 1701075064192917211
1701075064192938398 1701075064219094347
1701075064219157704 1701075064244506865
1701075064244529364 1701075064269116255
1701075064269138850 1701075064293279834
1701075064293343130 1701075064320090740
1701075064320115198 1701075064345699677
1701075064345726139 1701075064374657976
1701075064374718385 1701075064402031105
1701075064402056223 1701075064428131668
1701075064428200632 1701075064452454681
1701075064452501427 1701075064478518647
1701075064478566179 1701075064509172523
1701075064509197192 1701075064535852663
1701075064535916637 1701075064563242307
1701075064563270285 1701075064590213043
1701075064590243373 1701075064620513944
1701075064620583500 1701075064645929308
1701075064645951094 1701075064676828518
1701075064676866174 1701075064702473888
1701075064702514565 1701075064728037061
1701075064728059330 1701075064756860588
1701075064756886524 1701075064784611696
1701075064784634240 1701075064808903583
1701075064808973284 1701075064833752054
1701075064833774634 1701075064860334145
1701075064860359158 1701075064886496261
1701075064886552612 1701075064911799224
1701075064911873044 1701075064943719022
1701075064943744276 1701075064974763031
1701075064974787968 1701075065001777327
1701075065001821218 1701075065027086695
1701075065027107789 1701075065059902277
1701075065059923150 1701075065093982527
1701075065094003063 1701075065120573424
1701075065120598237 1701075065147867728
1701075065147930949 1701075065181914230
1701075065181951192 1701075065207527626
1701075065207791244 1701075065234093501
1701075065234180122 1701075065269473404
1701075065269537498 1701075065294616693
1701075065294638773 1701075065330262751
1701075065330327689 1701075065364089533
1701075065364153549 1701075065389787619
1701075065389853433 1701075065416761180
1701075065416785302 1701075065443585509
1701075065443726542 1701075065481325517
1701075065481348690 1701075065518872493
1701075065518895179 1701075065544494437
1701075065544539610 1701075065570558711
1701075065570596412 1701075065597101437
1701075065597124062 1701075065623822769
1701075065623846154 1701075065668216511
1701075065668241960 1701075065693787263
1701075065693809645 1701075065719659601
1701075065719691657 1701075065745270013
1701075065745295516 1701075065784489324
1701075065784511729 1701075065811029456
1701075065811065023 1701075065835839089
1701075065835864848 1701075065860969771
1701075065860993641 1701075065886145881
1701075065886171038 1701075065911940182
1701075065911967197 1701075065949924467
1701075065949947404 1701075065975713008
1701075065975739534 1701075066001949687
1701075066001972349 1701075066028754235
1701075066028776007 1701075066070191294
1701075066070227478 1701075066096194698
1701075066096216481 1701075066137532554
1701075066137554283 1701075066179104366
1701075066179125953 1701075066206827042
1701075066206848276 1701075066233428349
1701075066233453264 1701075066277806810
1701075066277829869 1701075066302730385
1701075066302752608 1701075066328046910
1701075066328072740 1701075066354167539
1701075066354192091 1701075066380525005
1701075066380550845 1701075066407072559
1701075066407097681 1701075066450530130
1701075066450552873 1701075066477694952
1701075066477719194 1701075066503841807
1701075066503884889 1701075066529697266
1701075066529718939 1701075066576497315
1701075066576519034 1701075066602750226
1701075066602772759 1701075066629283569
1701075066629308594 1701075066678446701
1701075066678470966 1701075066702150996
1701075066702182375 1701075066759276662
1701075066759304383 1701075066816965946
1701075066816991926 1701075066843506546
1701075066843528336 1701075066901278824
1701075066901304629 1701075066954515632
1701075066954537398 1701075066979818379
1701075066979839741 1701075067005344909
1701075067005366641 1701075067063830296
1701075067063848345 1701075067090119650
1701075067090141404 1701075067117494438
1701075067117526745 1701075067143283675
1701075067143309950 1701075067169482650
1701075054635263567 1701075054665710678
1701075054665781056 1701075054692291478
1701075054692330558 1701075054719890827
1701075054719975595 1701075054746043548
1701075054746174776 1701075054770197001
1701075054770217684 1701075054796012915
1701075054796070891 1701075054820949532
1701075054820991786 1701075054849452633
1701075054849489766 1701075054876619433
1701075054876660287 1701075054901782061
1701075054901845996 1701075054927808822
1701075054927871390 1701075054953269353
1701075054953290717 1701075054977623111
1701075054977697584 1701075055008476309
1701075055008548755 1701075055036294131
1701075055036349180 1701075055062070764
1701075055062134824 1701075055087974134
1701075055088057706 1701075055113829087
1701075055113875450 1701075055140243666
1701075055140316841 1701075055164662474
1701075055164685442 1701075055194744679
1701075055194773535 1701075055220337868
1701075055220397315 1701075055247005732
1701075055247068708 1701075055277439877
1701075055277513178 1701075055302994827
1701075055303024121 1701075055328268716
1701075055328296152 1701075055353197132
1701075055353276864 1701075055376734917
1701075055376809230 1701075055401744809
1701075055401808908 1701075055434013648
1701075055434076388 1701075055467765050
1701075055467789597 1701075055492376959
1701075055492402268 1701075055517415518
1701075055517437173 1701075055544028225
1701075055544077513 1701075055570149355
1701075055570217623 1701075055603851494
1701075055603872262 1701075055629649659
1701075055629678266 1701075055663950525
1701075055664039514 1701075055689426374
1701075055689464145 1701075055714623192
1701075055714662379 1701075055748832405
1701075055748869660 1701075055783968320
1701075055783993534 1701075055810997186
1701075055811061841 1701075055839284223
1701075055839334899 1701075055864388721
1701075055864415915 1701075055890762717
1701075055890791729 1701075055923173257
1701075055923194563 1701075055949084980
1701075055949106723 1701075055984987799
1701075055985014254 1701075056011015637
1701075056011044228 1701075056037099763
1701075056037127866 1701075056063680227
1701075056063719263 1701075056112272675
1701075056112302557 1701075056138056328
1701075056138119027 1701075056163636575
1701075056163694905 1701075056203852561
1701075056203932308 1701075056228787040
1701075056228810313 1701075056267574773
1701075056267600065 1701075056294481707
1701075056294511808 1701075056320943750
1701075056320965207 1701075056345289898
1701075056345356901 1701075056383610961
1701075056383636144 1701075056419982892
1701075056420063385 1701075056445683067
1701075056445706733 1701075056486901658
1701075056486979293 1701075056525115920
1701075056525205042 1701075056552298551
1701075056552334953 1701075056592299759
1701075056592322064 1701075056618660585
1701075056618683058 1701075056648394652
1701075056648422222 1701075056675867082
1701075056675909282 1701075056700763810
1701075056700786449 1701075056727154276
1701075056727195588 1701075056767788740
1701075056767823453 1701075056792543260
1701075056792585460 1701075056818265332
1701075056818291221 1701075056860809602
1701075056860832392 1701075056887714224
1701075056887736465 1701075056914412569
1701075056914438666 1701075056959637611
1701075056959703117 1701075056984360927
1701075056984425475 1701075057009908464
1701075057009955774 1701075057036597062
1701075057036684279 1701075057062452940
1701075057062491158 1701075057089049934
1701075057089077244 1701075057116193114
1701075057116258221 1701075057142493295
1701075057142570664 1701075057169244071
1701075057169267853 1701075057194893427
1701075057194914209 1701075057237440654
1701075057237464710 1701075057281030205
1701075057281068904 1701075057307539649
1701075057307582264 1701075057334316626
1701075057334372922 1701075057360542943
1701075057360634035 1701075057386911037
1701075057386943878 1701075057412603221
1701075057412629208 1701075057438562484
1701075057438585668 1701075057483133181
1701075057483164791 1701075057530983817
1701075057531059107 1701075057587313567
1701075057587361332 1701075057614021329
1701075057614089716 1701075057639838547
1701075057639894442 1701075057667557902
1701075057667621086 1701075057694038152
1701075057694050582 1701075057719548765
1701075057719561325 1701075057745920389
1701075057745967731 1701075057781595233
1701075057781642730 1701075057819960696
1701075057819974940 1701075057846790485
1701075057846838166 1701075057872374528
1701075057872387412 1701075057898291228
1701075057898303879 1701075057925510081
1701075057925555842 1701075057961122556
1701075057961151620 1701075057987522861
1701075057987562765 1701075058015052497
1701075058015103942 1701075058041289383
1701075058041307626 1701075058068702507
1701075058068775776 1701075058095249984
1701075058095290101 1701075058122364163
1701075058122427829 1701075058148517821
1701075058148556288 1701075058176735263
1701075058176814694 1701075058201975144
1701075058202012661 1701075058228791511
1701075058228815951 1701075058255861999
1701075058255926249 1701075058296252903
1701075058296292962 1701075058322245412
1701075058322284714 1701075058348577796
1701075058348636579 1701075058375072202
1701075058375096711 1701075058401819702
1701075058401840495 1701075058446778009
1701075058446841376 1701075058488896695
1701075058488934830 1701075058515547015
1701075058515584364 1701075058543923954
1701075058543945978 1701075058569756693
1701075058569820630 1701075058596614519
1701075058596678468 1701075058641696059
1701075058641720229 1701075058668156610
1701075058668188776 1701075058714623673
1701075058714687406 1701075058740603748
1701075058740625591 1701075058766655665
1701075058766680310 1701075058814672264
1701075058814730098 1701075058861133581
1701075058861203574 1701075058885896546
1701075058885923519 1701075058911853443
1701075058911911917 1701075058937210522
1701075058937247912 1701075058963061664
1701075058963125871 1701075058989730440
1701075058989774934 1701075059019914785
1701075059019939117 1701075059065357778
1701075059065384136 1701075059113117745
1701075059113140423 1701075059159685113
1701075059159708530 1701075059207587229
1701075059207622570 1701075059234218092
1701075059234265118 1701075059282856309
1701075059282878098 1701075059331771754
1701075059331816481 1701075059379624014
1701075059379666905 1701075059405614868
1701075059405678935 1701075059456234668
1701075059456257613 1701075059507285663
1701075059507324928 1701075059533941341
1701075059533980641 1701075059560662817
1701075059560736597 1701075059587842516
1701075059587907499 1701075059613771798
1701075059613811981 1701075059641264958
1701075059641318904 1701075059696430268
1701075059696495023 1701075059750390911
1701075059750461540 1701075059776132000
1701075059776153675 1701075059802538006
1701075059802614643 1701075059852276688
1701075059852298434 1701075059879766165
1701075059879787461 1701075059906267807
1701075059906332146 1701075059955996927
1701075059956018625 1701075060005779305
1701075060005801525 1701075060031296134
1701075060031361286 1701075060057551430
1701075060057618206 1701075060083152941
1701075060083192984 1701075060110037184
1701075060110059437 1701075060136313881
1701075060136389776 1701075060162424865
1701075060162465106 1701075060213133285
1701075060213203657 1701075060263735815
1701075060263760860 1701075060289932383
1701075060289957457 1701075060345321692
1701075060345344814 1701075060371185393
1701075060371207508 1701075060395609685
1701075060395630485 1701075060421949032
1701075060421985670 1701075060476069156
1701075060476163673 1701075060525632519
1701075060525654747 1701075060551683895
1701075060551704926 1701075060577844044
1701075060577865812 1701075060604427687
1701075060604484803 1701075060659281686
1701075060659353003 1701075060711212589
1701075060711235578 1701075060769151604
1701075060769173891 1701075060826076144
1701075060826104166 1701075060852636945
1701075060852679820 1701075060879979541
1701075060880024012 1701075060912546687
1701075060912568362 1701075060970214614
1701075060970236344 1701075060995772546
1701075060995814734 1701075061022379591
1701075061022403767 1701075061049311569
1701075061049382067 1701075061075676014
1701075061075728116 1701075061101161776
1701075061101182874 1701075061128556014
1701075061128620034 1701075061154462908
1701075061154527502 1701075061180812279
1701075061180833104 1701075061207177378
1701075061207198041 1701075061235367298
1701075061235438235 1701075061261903310
1701075061261956975 1701075061287962920
1701075061287986055 1701075061314515014
1701075061314536066 1701075061343755541
1701075061343792248 1701075061373775179
1701075061373795602 1701075061399447837
1701075061399474606 1701075061425863457
1701075061425884350 1701075061455718039
1701075061455739428 1701075061482780681
1701075061482844587 1701075061513035023
1701075061513059422 1701075061538665230
1701075061538686821 1701075061565232983
1701075061565301884 1701075061591465098
1701075061591488294 1701075061617375134
1701075061617396020 1701075061648238914
1701075061648320071 1701075061678752256
1701075061678829766 1701075061705129220
1701075061705150217 1701075061730449662
1701075061730522608 1701075061762465007
1701075061762510125 1701075061789423619
1701075061789445224 1701075061815894333
1701075061815915015 1701075061848069234
1701075061848091001 1701075061880684820
1701075061880710079 1701075061912200940
1701075061912273420 1701075061945618928
1701075061945703409 1701075061970375103
1701075061970442059 1701075061995730644
1701075061995794867 1701075062031275709
1701075062031296662 1701075062065940316
1701075062065992524 1701075062094738820
1701075062094760641 1701075062131317093
1701075062131338800 1701075062157905619
1701075062157926951 1701075062183164050
1701075062183185311 1701075062209414020
1701075062209435998 1701075062235766058
1701075062235788440 1701075062277288332
1701075062277311847 1701075062314634703
1701075062314660640 1701075062340801919
1701075062340834724 1701075062367308577
1701075062367332141 1701075062393738391
1701075062393761059 1701075062418679279
1701075062418702019 1701075062444424164
1701075062444446509 1701075062486876533
1701075062486898429 1701075062512201614
1701075062512242847 1701075062556460630
1701075062556482675 1701075062582789948
1701075062582821942 1701075062623566538
1701075062623630477 1701075062650225554
1701075062650251802 1701075062676918908
1701075062676941395 1701075062703461154
1701075062703484569 1701075062729270100
1701075062729292606 1701075062771546999
1701075062771599183 1701075062797628855
1701075062797651204 1701075062822159845
1701075062822211332 1701075062849434648
1701075062849515482 1701075062875881909
1701075062875948445 1701075062901767504
1701075062901790986 1701075062946808274
1701075062946832102 1701075062973550968
1701075062973577223 1701075062999500529
1701075062999522651 1701075063025886353
1701075063025909875 1701075063070208941
1701075063070230257 1701075063097297981
1701075063097323880 1701075063124162281
1701075063124212100 1701075063151827836
1701075063151877658 1701075063202685583
1701075063202723422 1701075063230743920
1701075063230765348 1701075063257669430
1701075063257704083 1701075063285026681
1701075063285048089 1701075063310996933
1701075063311021504 1701075063337461136
1701075063337493114 1701075063394081201
1701075063394113637 1701075063448760228
1701075063448785649 1701075063501508533
1701075063501534366 1701075063527635669
1701075063527660514 1701075063554307895
1701075063554350605 1701075063581647560
1701075063581675008 1701075063609273451
1701075063609295462 1701075063637232413
1701075063637253821 1701075063663978736
1701075063664001112 1701075063691115552
1701075063691137715 1701075063718644750
1701075063718667932 1701075063745291038
1701075063745326898 1701075063772479369
1701075063772514473 1701075063797942080
1701075063797983063 1701075063853260502
1701075063853300080 1701075063878757490
1701075063878818464 1701075063905051133
1701075063905114700 1701075063934021660
1701075063934045703 1701075063960494216
1701075063960521052 1701075064017422698
1701075064017487277 1701075064044623573
1701075064044646202 1701075064070562913
1701075064070583542 1701075064098095070
1701075064098118702 1701075064124947352
1701075064124979451 1701075064150658326
1701075064150726258 1701075064177315745
1701075064177340670 1701075064202839519
1701075064202860521 1701075064231995473
1701075064232035935 1701075064260905507
1701075064260975579 1701075064289641424
1701075064289661714 1701075064318517054
1701075064318542331 1701075064345443897
1701075064345466668 1701075064371782364
1701075064371811789 1701075064398222532
1701075064398301802 1701075064425138813
1701075064425193800 1701075064451821725
1701075064451884367 1701075064478459863
1701075064478553921 1701075064505199629
1701075064505237560 1701075064532069851
1701075064532091706 1701075064562992650
1701075064563015921 1701075064594144012
1701075064594188121 1701075064623236530
1701075064623259065 1701075064648259907
1701075064648282510 1701075064674048479
1701075064674069373 1701075064699721806
1701075064699744142 1701075064726539468
1701075064726564295 1701075064751592657
1701075064751638522 1701075064783464606
1701075064783528396 1701075064808183183
1701075064808207152 1701075064842706760
1701075064842728637 1701075064868256911
1701075064868327110 1701075064894092214
1701075064894155618 1701075064929526640
1701075064929549354 1701075064955769621
1701075064955792018 1701075064982110617
1701075064982133722 1701075065007660476
1701075065007733166 1701075065045650625
1701075065045713124 1701075065070946343
1701075065070994592 1701075065096006883
1701075065096031918 1701075065121437294
1701075065121486184 1701075065161744315
1701075065161767378 1701075065188546028
1701075065188584518 1701075065230019480
1701075065230056493 1701075065255125024
1701075065255145876 1701075065279891381
1701075065279954976 1701075065320802855
1701075065320825236 1701075065361956982
1701075065361978890 1701075065388122792
1701075065388155743 1701075065431900924
1701075065431945759 1701075065475745168
1701075065475788227 1701075065500924751
1701075065500948098 1701075065545666914
1701075065545689436 1701075065570700807
1701075065570724128 1701075065617255577
1701075065617278218 1701075065667741351
1701075065667764918 1701075065711587101
1701075065711609084 1701075065737410357
1701075065737432962 1701075065786408277
1701075065786431042 1701075065831378982
1701075065831420463 1701075065858106912
1701075065858148240 1701075065906159858
1701075065906185122 1701075065953641565
1701075065953664810 1701075065979881163
1701075065979903518 1701075066004040669
1701075066004064022 1701075066030679696
1701075066030702364 1701075066055323088
1701075066055345611 1701075066100419863
1701075066100447487 1701075066129511635
1701075066129553018 1701075066154629811
1701075066154659692 1701075066214660756
1701075066214686744 1701075066239920928
1701075066239943592 1701075066265297660
1701075066265319456 1701075066317854102
1701075066317879701 1701075066369227323
1701075066369253991 1701075066424914762
1701075066424938122 1701075066451522530
1701075066451551580 1701075066507792657
1701075066507888371 1701075066534100235
1701075066534132337 1701075066559981975
1701075066560023882 1701075066586301213
1701075066586324080 1701075066612085328
1701075066612107679 1701075066637822394
1701075066637890002 1701075066687016905
1701075066687060397 1701075066742170860
1701075066742235466 1701075066768319323
1701075066768392047 1701075066793950922
1701075066793992616 1701075066821161297
1701075066821184581 1701075066847470885
1701075066847493829 1701075066873608935
1701075066873632329 1701075066900227898
1701075066900251223 1701075066925962202
1701075066925984422 1701075066951477557
1701075066951503497 1701075066977908711
1701075066977933972 1701075067034518723
1701075067034545673 1701075067091134765
1701075067091167006 1701075067142758258
1701075067142779820 1701075067200341120
1701075067200364225 1701075067226769381
1701075067226805954 1701075067252889407
1701075067252916003 1701075067305170673
