1701075073805577038 1701075073835335617
1701075073835387841 1701075073862506489
1701075073862529062 1701075073896916514
1701075073896945674 1701075073922151555
1701075073922172377 1701075073948915559
1701075073948985229 1701075073984911142
1701075073984943772 1701075074011279847
1701075074011314289 1701075074036234827
1701075074036265721 1701075074062548963
1701075074062586677 1701075074089702893
1701075074089723505 1701075074115742946
1701075074115762733 1701075074141397159
1701075074141427507 1701075074167703979
1701075074167735034 1701075074193256564
1701075074193289223 1701075074219020689
1701075074219071183 1701075074255583189
1701075074255607955 1701075074281857687
1701075074281887113 1701075074319846849
1701075074319872702 1701075074346486169
1701075074346508559 1701075074371588605
1701075074371610343 1701075074409523336
1701075074409546341 1701075074435220206
1701075074435247019 1701075074474003158
1701075074474026664 1701075074500016327
1701075074500043711 1701075074526257665
1701075074526285709 1701075074567452494
1701075074567474996 1701075074594821315
1701075074594858427 1701075074620330988
1701075074620371083 1701075074647053435
1701075074647116798 1701075074707457020
1701075074707487386 1701075074734002695
1701075074734065472 1701075074778584419
1701075074778646772 1701075074804134552
1701075074804161325 1701075074848878169
1701075074848916781 1701075074874055363
1701075074874123026 1701075074918328006
1701075074918357462 1701075074963650465
1701075074963680856 1701075074989698209
1701075074989721607 1701075075039170568
1701075075039234407 1701075075086220317
1701075075086250787 1701075075112511737
1701075075112533867 1701075075137853448
1701075075139102383 1701075075165345861
1701075075165369109 1701075075191758804
1701075075191782007 1701075075218319697
1701075075218384531 1701075075263305423
1701075075263337471 1701075075289136855
1701075075289164470 1701075075315870643
1701075075315920490 1701075075345525953
1701075075345570509 1701075075371582607
1701075075371606294 1701075075416496179
1701075075416523888 1701075075441729096
1701075075441771153 1701075075468854765
1701075075468888515 1701075075494386282
1701075075494412861 1701075075519985167
1701075075520010474 1701075075575185816
1701075075575251167 1701075075600272044
1701075075600337527 1701075075627575088
1701075075627639813 1701075075654512601
1701075075654586358 1701075075707744644
1701075075707798723 1701075075734315153
1701075075734343504 1701075075760992073
1701075075761022696 1701075075788033053
1701075075788070046 1701075075815211728
1701075075815240920 1701075075840730082
1701075075840769837 1701075075868000598
1701075075868044989 1701075075894912981
1701075075895000826 1701075075921509652
1701075075921540348 1701075075947469166
1701075075947496377 1701075076002509602
1701075076002541644 1701075076052765402
1701075076052798449 1701075076106181562
1701075076106204974 1701075076130118602
1701075076130149603 1701075076156336820
1701075076156366372 1701075076209162802
1701075076209193108 1701075076234211408
1701075076234248872 1701075076286244415
1701075076286297646 1701075076344498564
1701075076344523494 1701075076373465843
1701075076373489338 1701075076399609543
1701075076399634094 1701075076426037025
1701075076426063118 1701075076452223281
1701075076452247106 1701075076477996316
1701075076478025989 1701075076503959603
1701075076503990994 1701075076553105965
1701075076553136935 1701075076579587968
1701075076579613142 1701075076609891422
1701075076609920052 1701075076636460442
1701075076636484707 1701075076663499446
1701075076663532295 1701075076689609779
1701075076689634958 1701075076716175051
1701075076716222442 1701075076741782126
1701075076741806308 1701075076766846472
1701075076766869196 1701075076821396440
1701075076821422964 1701075076846816627
1701075076846849196 1701075076873421447
1701075076873453956 1701075076926059084
1701075076926082192 1701075076951834894
1701075076951859054 1701075076977182717
1701075076977207873 1701075077029891703
1701075077029961247 1701075077056622505
1701075077056648794 1701075077082993538
1701075077083016585 1701075077109110898
1701075077109133484 1701075077133329681
1701075077133355006 1701075077160962952
1701075077160986522 1701075077186364845
1701075077186410368 1701075077211632302
1701075077211654546 1701075077236720835
1701075077236752395 1701075077266064005
1701075077266087009 1701075077291637117
1701075077291667432 1701075077318010778
1701075077318042932 1701075077346233787
1701075077346257598 1701075077371798240
1701075077371826983 1701075077400541317
1701075077400563884 1701075077426748717
1701075077426772181 1701075077453394214
1701075077453417196 1701075077482394998
1701075077482417150 1701075077507919605
1701075077507942193 1701075077538066271
1701075077538115904 1701075077568935113
1701075077568963620 1701075077594459493
1701075077594521066 1701075077620344743
1701075077620387290 1701075077645745380
1701075077645767609 1701075077671922956
1701075077671949002 1701075077702594886
1701075077702618294 1701075077734923599
1701075077734946287 1701075077766961933
1701075077766985213 1701075077799259576
1701075077799282659 1701075077825601444
1701075077825628650 1701075077858908252
1701075077858930713 1701075077884629025
1701075077884651713 1701075077910921923
1701075077910957557 1701075077937461376
1701075077937484965 1701075077969854569
1701075077969876997 1701075077995011827
1701075077995034458 1701075078021276384
1701075078021302060 1701075078048255788
1701075078048279195 1701075078082584488
1701075078082610344 1701075078108465160
1701075078108528238 1701075078133593464
1701075078133656509 1701075078157595947
1701075078157641942 1701075078182741319
1701075078182764256 1701075078222767099
1701075078222790714 1701075078263641611
1701075078263686237 1701075078288347031
1701075078288396584 1701075078314183076
1701075078314205345 1701075078340259510
1701075078340283272 1701075078380502160
1701075078380529125 1701075078407094481
1701075078407142770 1701075078431927557
1701075078431960263 1701075078458014606
1701075078458038045 1701075078484567218
1701075078484597589 1701075078510074921
1701075078510101417 1701075078536268141
1701075078536335297 1701075078561878612
1701075078561900650 1701075078607578587
1701075078607619883 1701075078634111215
1701075078634137726 1701075078681227665
1701075078681258517 1701075078708014187
1701075078708036702 1701075078734538120
1701075078734565261 1701075078759653632
1701075078759675706 1701075078808744748
1701075078808770507 1701075078859223033
1701075078859244958 1701075078886623737
1701075078886645732 1701075078912237878
1701075078912263805 1701075078966105338
1701075078966128628 1701075078991842176
1701075078991864384 1701075079018777340
1701075079018803815 1701075079044112808
1701075079044143923 1701075079097339634
1701075079097363699 1701075079124146662
1701075079124168044 1701075079149890265
1701075079149913104 1701075079200712404
1701075079200734562 1701075079257453683
1701075079257475442 1701075079315915526
1701075079315937105 1701075079341784506
1701075079341814159 1701075079367787824
1701075079367810544 1701075079393661985
1701075079393685451 1701075079415785668
1701075079415808512 1701075079475316906
1701075079475340290 1701075079501433059
1701075079501456604 1701075079526800543
1701075079526823905 1701075079550509086
1701075079550532251 1701075079577241107
1701075079577263537 1701075079635083491
1701075079635128653 1701075079660307919
1701075079660331007 1701075079687252721
1701075079687294956 1701075079743515234
1701075079743537622 1701075079768807131
1701075079768829806 1701075079826034925
1701075079826059798 1701075079851475701
1701075079851499229 1701075079903203468
1701075079903231504 1701075079928583059
1701075079928611370 1701075079953895319
1701075079953913992 1701075079978100350
1701075079978146700 1701075080003726619
1701075080003755254 1701075080030600102
1701075080030623160 1701075080055379972
1701075080055403586 1701075080111503263
1701075080111530566 1701075080135663508
1701075080135725638 1701075080162990907
1701075080163025595 1701075080187621773
1701075080187650996 1701075080210252635
1701075080210276797 1701075080243981349
1701075080244012114 1701075080269466400
1701075080269489664 1701075080294312169
1701075080294334839 1701075080321948056
1701075080321978337 1701075080348025624
1701075080348059506 1701075080373158140
1701075080373194068 1701075080398313531
1701075080398336752 1701075080424128733
1701075080424158339 1701075080449638348
1701075080449696303 1701075080477978822
1701075080478003218 1701075080505543044
1701075080505577673 1701075080531431372
1701075080531455191 1701075080555900818
1701075080555923082 1701075080585126423
1701075080585151043 1701075080610987778
1701075080611010632 1701075080636256270
1701075080636279128 1701075080660880812
1701075080660903237 1701075080686048515
1701075080686136126 1701075080712120895
1701075080712152887 1701075080737578189
1701075080737612263 1701075080762869604
1701075080762895684 1701075080793300579
1701075080793322870 1701075080817292974
1701075080817321591 1701075080843668456
1701075080843691425 1701075080869622804
1701075080869645672 1701075080894889379
1701075080894911774 1701075080925724974
1701075080925747033 1701075080957152694
1701075080957174553 1701075080989804482
1701075080989829236 1701075081015884803
1701075081015906174 1701075081048598594
1701075081048621014 1701075081072755838
1701075081072777529 1701075081097297356
1701075081097319213 1701075081122007803
1701075081122032355 1701075081148167576
1701075081148189612 1701075081174614958
1701075081174639837 1701075081200668638
1701075081200693778 1701075081238403111
1701075081238424966 1701075081263089451
1701075081263117423 1701075081289136541
1701075081289167355 1701075081329399420
1701075081329456638 1701075081355154683
1701075081355195996 1701075081395658964
1701075081396118429 1701075081421415954
1701075081421456416 1701075081446779868
1701075081446829238 1701075081472916137
1701075081472967917 1701075081497761276
1701075081497815681 1701075081524324151
1701075081524386033 1701075081569024767
1701075081569105057 1701075081614988559
1701075081615041120 1701075081640111730
1701075081640203177 1701075081685525689
1701075081685583577 1701075081712347979
1701075081712449315 1701075081749887662
1701075081749940541 1701075081799004657
1701075081799049076 1701075081845818136
1701075081845860264 1701075081871792907
1701075081871880465 1701075081898057033
1701075081898108721 1701075081922927273
1701075081923030612 1701075081948103591
1701075081948168429 1701075081974040297
1701075081974120515 1701075082022872991
1701075082022932988 1701075082048372382
1701075082048425639 1701075082074277953
1701075082074347633 1701075082127969319
1701075082128030452 1701075082154596896
1701075082154613823 1701075082178959555
1701075082179042487 1701075082234541292
1701075082234586848 1701075082289210966
1701075082289257312 1701075082342677231
1701075082342734492 1701075082392958769
1701075082393012167 1701075082443643124
1701075082443677579 1701075082494076197
1701075082494122705 1701075082548885242
1701075082548949160 1701075082600974747
1701075082601023731 1701075082658092418
1701075082658148596 1701075082716148979
1701075082716223091 1701075082741657849
1701075082741702535 1701075082767930492
1701075082768015986 1701075082820769409
1701075082820852327 1701075082846614929
1701075082846684529 1701075082872162613
1701075082872211592 1701075082897870211
1701075082897923113 1701075082924248909
1701075082924317198 1701075082949452476
1701075082949503958 1701075082975123540
1701075082975184415 1701075083000282929
1701075083000335620 1701075083026174274
1701075083026413365 1701075083050991754
1701075083051061535 1701075083104588550
1701075083104702034 1701075083130746272
1701075083131034712 1701075083158059780
1701075083158120955 1701075083184254357
1701075083184333140 1701075083210698045
1701075083210748884 1701075083237571678
1701075083237618623 1701075083264027143
1701075083264069142 1701075083291212850
1701075083291272829 1701075083316546539
1701075083316588106 1701075083344927324
1701075083344972924 1701075083369987376
1701075083370078672 1701075083396091711
1701075083396174387 1701075083422174669
1701075083422234748 1701075083448902269
1701075083448959151 1701075083477487433
1701075083477523355 1701075083503225437
1701075083503276190 1701075083529137200
1701075083529206406 1701075083557406012
1701075083557626471 1701075083586118032
1701075083586154432 1701075083612144598
1701075083612208540 1701075083640978547
1701075083641001627 1701075083670283801
1701075083670348784 1701075083696613802
1701075083696636196 1701075083726238013
1701075083726259444 1701075083755741506
1701075083755763136 1701075083785870286
1701075083785893354 1701075083812296715
1701075083812318944 1701075083839403273
1701075083839425714 1701075083870258885
1701075083870323186 1701075083894658003
1701075083894724469 1701075083920515786
1701075083920532016 1701075083946288204
1701075083946355970 1701075083990276438
1701075083990306102 1701075084021472210
1701075084021497227 1701075084047394380
1701075084047417374 1701075084073255798
1701075084073277603 1701075084098720737
1701075084098742201 1701075084124653956
1701075084124724458 1701075084150707374
1701075084150776910 1701075084185527531
1701075084185593232 1701075084211754840
1701075084211777228 1701075084238346453
1701075084238399994 1701075084263270045
1701075084263336493 1701075084289433500
1701075084289499932 1701075084324765306
1701075084324788928 1701075084363798367
1701075084363866025 1701075084402701337
1701075084402724410 1701075084437809911
1701075084437841933 1701075084475854222
1701075084475878277 1701075084500150312
1701075084500223906 1701075084526206430
1701075084526229102 1701075084563466648
1701075084563528340 1701075084599985132
1701075084600048697 1701075084636739392
1701075084636762380 1701075084663580995
1701075084663604103 1701075084690031435
1701075084690054458 1701075084715146587
1701075084715169179 1701075084754336005
1701075084754373352 1701075084781057792
1701075084781099702 1701075084810134566
1701075084810159196 1701075084836216595
1701075084836239268 1701075084875292183
1701075084875330413 1701075084901660591
1701075084901724348 1701075084928008372
1701075084928045322 1701075084954010987
1701075084954075171 1701075084991951157
1701075084991972822 1701075085018660501
1701075085018699939 1701075085044770906
1701075085044813393 1701075085071634232
1701075085071655418 1701075085112187177
1701075085112228487 1701075085138021190
1701075085138045944 1701075085163620804
1701075085163690632 1701075085188110992
1701075085188135384 1701075085214231610
1701075085214294829 1701075085240961868
1701075085241032726 1701075085290374245
1701075085290450615 1701075085317234303
1701075085317316875 1701075085343739065
1701075085343763620 1701075085370985843
1701075085371007203 1701075085401551935
1701075085401623924 1701075085443483806
1701075085443555631 1701075085483190205
1701075085483212836 1701075085525035616
1701075085525057387 1701075085551197645
1701075085551262186 1701075085578487912
1701075085578528924 1701075085603930299
1701075085603995214 1701075085644493064
1701075085644530603 1701075085671907113
1701075085671974533 1701075085699129165
1701075085699167810 1701075085725685542
1701075085725709807 1701075085752235516
1701075085752299422 1701075085779383602
1701075085779426568 1701075085807144856
1701075085807224085 1701075085853869410
1701075085853908844 1701075085880251365
1701075085880316741 1701075085930083029
1701075085930105183 1701075085980270259
1701075085980292794 1701075086030827084
1701075086030852919 1701075086076160356
1701075086076187046 1701075086102771585
1701075086102795467 1701075086129503288
1701075086129549406 1701075086181950933
1701075086181985187 1701075086235670735
1701075086235745336 1701075086262142105
1701075086262164527 1701075086290163514
1701075086290219937 1701075086315455546
1701075086315477192 1701075086372909957
1701075086372973897 1701075086429448141
1701075073805200192 1701075073835017007
1701075073835091551 1701075073862528448
1701075073862550061 1701075073889357056
1701075073889419920 1701075073915049541
1701075073915069445 1701075073942514063
1701075073942577363 1701075073974451902
1701075073974476758 1701075074000163349
1701075074000187961 1701075074027769641
1701075074027793023 1701075074062595179
1701075074062635047 1701075074089807701
1701075074089821034 1701075074115871275
1701075074115900470 1701075074141259926
1701075074141284173 1701075074179376521
1701075074179399054 1701075074219503481
1701075074219553547 1701075074244963151
1701075074244990188 1701075074269492900
1701075074269514897 1701075074296052467
1701075074296075324 1701075074322900894
1701075074322983602 1701075074365447622
1701075074365470017 1701075074390750291
1701075074390779067 1701075074417281933
1701075074417307787 1701075074443668286
1701075074443699023 1701075074468993593
1701075074469014919 1701075074495313577
1701075074495340443 1701075074519780670
1701075074519811250 1701075074567234709
1701075074567314066 1701075074594628659
1701075074594651558 1701075074619943697
1701075074619964902 1701075074647461212
1701075074647519968 1701075074673029451
1701075074673092108 1701075074718011965
1701075074718038113 1701075074743425940
1701075074743448028 1701075074769755585
1701075074769778374 1701075074796545360
1701075074796608111 1701075074821284029
1701075074821315700 1701075074847841130
1701075074847868221 1701075074873607255
1701075074873697533 1701075074921859187
1701075074921881381 1701075074947006000
1701075074947027501 1701075074972399617
1701075074972477509 1701075074997904825
1701075074997926375 1701075075024149994
1701075075024191338 1701075075074423252
1701075075074486141 1701075075100873837
1701075075100900042 1701075075155591661
1701075075155623587 1701075075181457049
1701075075181482225 1701075075207953410
1701075075207991699 1701075075259273997
1701075075259333832 1701075075285819900
1701075075285889694 1701075075310640910
1701075075310706393 1701075075364913795
1701075075364929835 1701075075416194230
1701075075416229522 1701075075441434165
1701075075441455936 1701075075494151813
1701075075494172751 1701075075550226150
1701075075550290678 1701075075575379023
1701075075575428199 1701075075630992852
1701075075631025706 1701075075656721717
1701075075656786766 1701075075710363842
1701075075710386872 1701075075736861832
1701075075736941636 1701075075763233676
1701075075763319416 1701075075819369347
1701075075819391467 1701075075871901488
1701075075871922216 1701075075925112667
1701075075925169915 1701075075950540646
1701075075950584067 1701075075975742375
1701075075975788301 1701075076001189693
1701075076001215313 1701075076027617798
1701075076027650240 1701075076053209299
1701075076053256927 1701075076077685097
1701075076077708244 1701075076103567803
1701075076103592846 1701075076129917148
1701075076129943131 1701075076156223553
1701075076156278940 1701075076181779184
1701075076181856405 1701075076208537931
1701075076208605362 1701075076234161103
1701075076234189919 1701075076260301519
1701075076260330438 1701075076285842308
1701075076285874056 1701075076311553127
1701075076311607336 1701075076367471987
1701075076367521711 1701075076395583059
1701075076395633082 1701075076454049407
1701075076454101847 1701075076479816777
1701075076479861870 1701075076502811577
1701075076502870683 1701075076527804495
1701075076527876759 1701075076554081907
1701075076554131787 1701075076579713152
1701075076579748325 1701075076637928249
1701075076637954739 1701075076663620098
1701075076663646332 1701075076719427997
1701075076719454525 1701075076745896733
1701075076745919664 1701075076802155161
1701075076802177716 1701075076859832250
1701075076859876714 1701075076886635184
1701075076886660160 1701075076911639401
1701075076911662409 1701075076968452054
1701075076968474435 1701075077020116908
1701075077020146338 1701075077045098272
1701075077045121112 1701075077070656691
1701075077070678396 1701075077096029463
1701075077096076568 1701075077122062162
1701075077122091386 1701075077147869817
1701075077147908096 1701075077173951880
1701075077173981629 1701075077201557421
1701075077201580269 1701075077226624583
1701075077226665855 1701075077256081590
1701075077256105937 1701075077281862173
1701075077281885725 1701075077308427574
1701075077308450836 1701075077334442806
1701075077334465699 1701075077362800198
1701075077362823398 1701075077389413799
1701075077389436997 1701075077416075495
1701075077416098279 1701075077443170500
1701075077443193297 1701075077469133547
1701075077469157148 1701075077495483783
1701075077495513696 1701075077521705094
1701075077521727633 1701075077547770875
1701075077547794102 1701075077572970031
1701075077572996723 1701075077602540038
1701075077602571113 1701075077632740186
1701075077632762710 1701075077662470591
1701075077662493028 1701075077689329445
1701075077689352367 1701075077715632832
1701075077715654679 1701075077747148968
1701075077747171265 1701075077773647329
1701075077773670471 1701075077805767285
1701075077805795980 1701075077836881638
1701075077836907723 1701075077860819906
1701075077860848390 1701075077890369908
1701075077890396355 1701075077922119276
1701075077922141084 1701075077947928749
1701075077947951292 1701075077978542257
1701075077978567715 1701075078011579605
1701075078011608309 1701075078044802183
1701075078044825188 1701075078076265959
1701075078076291247 1701075078102802579
1701075078102824438 1701075078129883118
1701075078129905583 1701075078156436375
1701075078156462954 1701075078182920596
1701075078182974865 1701075078209399022
1701075078209421296 1701075078235593358
1701075078235634967 1701075078260649689
1701075078260671818 1701075078287286754
1701075078287308853 1701075078314440162
1701075078314466926 1701075078340705079
1701075078340728047 1701075078366490330
1701075078366513428 1701075078405368026
1701075078405450793 1701075078431471407
1701075078431497319 1701075078458002064
1701075078458026411 1701075078484646480
1701075078484712896 1701075078523140452
1701075078523172200 1701075078549306377
1701075078549328556 1701075078576188154
1701075078576219517 1701075078600758464
1701075078600787829 1701075078639586193
1701075078639638637 1701075078665640363
1701075078665677914 1701075078692019754
1701075078692049966 1701075078733203423
1701075078733228162 1701075078759935866
1701075078759998357 1701075078786317841
1701075078786339925 1701075078812755368
1701075078812800573 1701075078837560589
1701075078837583880 1701075078864690300
1701075078864724012 1701075078908753650
1701075078908776449 1701075078933741059
1701075078933781965 1701075078977741473
1701075078977768219 1701075079004059821
1701075079004081952 1701075079047941174
1701075079047990547 1701075079074324488
1701075079074350214 1701075079101134475
1701075079101189799 1701075079127982017
1701075079128003765 1701075079152528238
1701075079152554694 1701075079177682768
1701075079177708623 1701075079203437454
1701075079203459962 1701075079228231976
1701075079228254385 1701075079271679055
1701075079271718591 1701075079297185664
1701075079297208692 1701075079324788415
1701075079325098963 1701075079350500017
1701075079350523537 1701075079401235277
1701075079401257757 1701075079426201354
1701075079426224978 1701075079452345771
1701075079452374580 1701075079477855676
1701075079477891507 1701075079503380969
1701075079503403700 1701075079557029454
1701075079557051826 1701075079584723883
1701075079584746596 1701075079611673036
1701075079611695652 1701075079664413981
1701075079664436531 1701075079690494886
1701075079690517933 1701075079716651370
1701075079716675938 1701075079773149588
1701075079773173551 1701075079797877297
1701075079797923981 1701075079853528625
1701075079853550849 1701075079878050911
1701075079878074349 1701075079903217719
1701075079903243284 1701075079928525994
1701075079928548739 1701075079953892567
1701075079953916478 1701075080004636070
1701075080004673081 1701075080059535118
1701075080059568696 1701075080086054560
1701075080086139840 1701075080111829965
1701075080111874896 1701075080135467365
1701075080135494003 1701075080162019033
1701075080162042985 1701075080187688299
1701075080187716023 1701075080212020386
1701075080212049367 1701075080244959264
1701075080244985586 1701075080269313902
1701075080269339645 1701075080295593763
1701075080295615762 1701075080323298427
1701075080323322088 1701075080350335254
1701075080350367242 1701075080377367009
1701075080377391034 1701075080401635533
1701075080401658462 1701075080429646956
1701075080429673832 1701075080458386546
1701075080458409326 1701075080483241289
1701075080483264862 1701075080508292228
1701075080508333584 1701075080537363886
1701075080537390352 1701075080562318564
1701075080562342284 1701075080587426519
1701075080587449009 1701075080615027833
1701075080615050886 1701075080640137897
1701075080640161745 1701075080669407821
1701075080669431262 1701075080694340112
1701075080694367783 1701075080719728574
1701075080719768084 1701075080745101947
1701075080745125407 1701075080779389876
1701075080779415343 1701075080805053429
1701075080805087480 1701075080829725163
1701075080829749174 1701075080867185834
1701075080867210280 1701075080892370458
1701075080892406864 1701075080928868428
1701075080928891783 1701075080954489274
1701075080954518371 1701075080979417968
1701075080979440896 1701075081021110611
1701075081021134587 1701075081046638288
1701075081046666296 1701075081071517164
1701075081071539347 1701075081095925915
1701075081095947879 1701075081139104037
1701075081139149188 1701075081163393246
1701075081163433845 1701075081188325662
1701075081188344094 1701075081214443566
1701075081214470826 1701075081240008234
1701075081240053376 1701075081263665574
1701075081263688952 1701075081307107604
1701075081307136656 1701075081349322366
1701075081349345555 1701075081375234129
1701075081375257049 1701075081419948481
1701075081420004360 1701075081464060526
1701075081464118115 1701075081489083757
1701075081489108775 1701075081535691831
1701075081535716063 1701075081559682354
1701075081559705846 1701075081607767385
1701075081607790185 1701075081633878181
1701075081633901364 1701075081659571733
1701075081659598628 1701075081703197832
1701075081703232394 1701075081749911964
1701075081749924413 1701075081776869283
1701075081776897016 1701075081817644249
1701075081817703632 1701075081843537171
1701075081843560007 1701075081896727036
1701075081896750749 1701075081922473245
1701075081922500124 1701075081948112107
1701075081948142697 1701075081974886491
1701075081974915581 1701075082028208821
1701075082028231984 1701075082053672736
1701075082053696652 1701075082078478744
1701075082078518483 1701075082104340042
1701075082104363184 1701075082130134924
1701075082130158695 1701075082154643011
1701075082154683894 1701075082180465438
1701075082180492349 1701075082206093822
1701075082206121391 1701075082260313730
1701075082260346256 1701075082286398776
1701075082286422497 1701075082313521040
1701075082313561009 1701075082363814807
1701075082363838909 1701075082390330950
1701075082390354718 1701075082417515188
1701075082417551365 1701075082467534218
1701075082467565635 1701075082493461916
1701075082493505468 1701075082519668205
1701075082519704920 1701075082572618976
1701075082572645520 1701075082625458596
1701075082625481323 1701075082678630947
1701075082678654575 1701075082706137545
1701075082706160621 1701075082732394775
1701075082732421219 1701075082757570711
1701075082757603168 1701075082784515631
1701075082784579962 1701075082811353920
1701075082811416762 1701075082837361023
1701075082837399822 1701075082890760279
1701075082890782178 1701075082943365564
1701075082943442654 1701075082969940842
1701075082969985176 1701075083026200913
1701075083026227491 1701075083052132224
1701075083052158308 1701075083087114130
1701075083087135660 1701075083140300706
1701075083140341213 1701075083194369124
1701075083194433267 1701075083219873490
1701075083219913591 1701075083245916679
1701075083245984893 1701075083300470602
1701075083300526695 1701075083328181583
1701075083328204857 1701075083354055327
1701075083354116504 1701075083380429237
1701075083380499898 1701075083408955816
1701075083408980976 1701075083437956129
1701075083437978496 1701075083464570411
1701075083464633546 1701075083493291762
1701075083493316066 1701075083518638775
1701075083518662150 1701075083544942743
1701075083544977641 1701075083571811952
1701075083571873177 1701075083597979616
1701075083598043700 1701075083625893763
1701075083625949965 1701075083652874642
1701075083652939972 1701075083678042547
1701075083678085603 1701075083709007654
1701075083709033508 1701075083738973993
1701075083739016498 1701075083765411273
1701075083765475033 1701075083790937763
1701075083790965609 1701075083816203392
1701075083816233304 1701075083842630417
1701075083842671868 1701075083868595073
1701075083868639245 1701075083894597438
1701075083894661023 1701075083919666985
1701075083919689091 1701075083951718370
1701075083951741986 1701075083995001766
1701075083995025136 1701075084021466575
1701075084021479553 1701075084053291450
1701075084053317331 1701075084078646168
1701075084078672737 1701075084104609043
1701075084104655844 1701075084134698673
1701075084134719815 1701075084161209300
1701075084161273640 1701075084189026834
1701075084189069964 1701075084213598342
1701075084213641022 1701075084237308160
1701075084237329671 1701075084269736980
1701075084269758409 1701075084295195580
1701075084295231560 1701075084321506271
1701075084321553432 1701075084356306908
1701075084356383882 1701075084394341356
1701075084394427729 1701075084419675711
1701075084419702043 1701075084444735608
1701075084444758588 1701075084471351019
1701075084471386962 1701075084498636042
1701075084498662023 1701075084526160424
1701075084526198519 1701075084561438535
1701075084561503407 1701075084588154262
1701075084588189606 1701075084614649497
1701075084614688503 1701075084642204474
1701075084642275374 1701075084667178695
1701075084667221367 1701075084705655228
1701075084705719958 1701075084729903137
1701075084729970456 1701075084756124194
1701075084756204990 1701075084781172483
1701075084781203823 1701075084820284025
1701075084820347965 1701075084857467930
1701075084857532339 1701075084895818752
1701075084895875794 1701075084922842782
1701075084922896576 1701075084947710483
1701075084947773965 1701075084973375407
1701075084973397242 1701075085013530998
1701075085013601414 1701075085039868122
1701075085039909398 1701075085081760271
1701075085081786069 1701075085107410501
1701075085107474528 1701075085150296937
1701075085150319380 1701075085176475053
1701075085176535460 1701075085202651798
1701075085202714258 1701075085244491687
1701075085244555196 1701075085292577107
1701075085292648892 1701075085319017614
1701075085319033988 1701075085363224550
1701075085363247044 1701075085405960824
1701075085406029473 1701075085448093737
1701075085448150927 1701075085474263375
1701075085474292228 1701075085500488705
1701075085500511807 1701075085527878071
1701075085527901870 1701075085553309466
1701075085553332844 1701075085578393309
1701075085578432477 1701075085624212965
1701075085624277213 1701075085674478245
1701075085674517279 1701075085701205726
1701075085701238611 1701075085726248217
1701075085726266972 1701075085756926081
1701075085756986350 1701075085783761695
1701075085783783205 1701075085809965136
1701075085810041043 1701075085836484555
1701075085836549289 1701075085862813743
1701075085862878804 1701075085889240417
1701075085889280439 1701075085916129133
1701075085916199558 1701075085974080626
1701075085974135014 1701075086000384476
1701075086000409246 1701075086058506198
1701075086058556039 1701075086084588085
1701075086084612538 1701075086135533441
1701075086135571880 1701075086186251579
1701075086186316675 1701075086212690712
1701075086212755374 1701075086239242680
1701075086239321797 1701075086290115211
1701075086290163559 1701075086315638830
1701075086315725927 1701075086343539861
1701075086343609481 1701075086371462117
1701075073805295316 1701075073835355109
1701075073835389546 1701075073862734354
1701075073862759598 1701075073889505723
1701075073889576050 1701075073915157219
1701075073915187315 1701075073944398632
1701075073944421776 1701075073974304500
1701075073974334202 1701075074000540247
1701075074000566371 1701075074025931680
1701075074025951790 1701075074051942672
1701075074051964180 1701075074078091711
1701075074078112752 1701075074106934913
1701075074106968439 1701075074132708617
1701075074132745425 1701075074159377986
1701075074159399068 1701075074188716223
1701075074188739853 1701075074213644750
1701075074213664932 1701075074243430430
1701075074243451185 1701075074269583464
1701075074269619224 1701075074296257677
1701075074296314047 1701075074327210611
1701075074327234583 1701075074353156082
1701075074353177011 1701075074382375135
1701075074382406506 1701075074408572705
1701075074408629703 1701075074435233327
1701075074435266641 1701075074461760891
1701075074461788216 1701075074493075504
1701075074493113980 1701075074524538367
1701075074524563063 1701075074567355239
1701075074567378852 1701075074594775829
1701075074594807450 1701075074626931533
1701075074626957025 1701075074652980291
1701075074653029084 1701075074678002298
1701075074678044664 1701075074724379084
1701075074724465341 1701075074749788665
1701075074749809985 1701075074780437871
1701075074780510485 1701075074806044850
1701075074806123464 1701075074838225348
1701075074838253941 1701075074871853629
1701075074871905112 1701075074898181971
1701075074898264310 1701075074924454542
1701075074924527423 1701075074949934964
1701075074949998490 1701075074983592053
1701075074983612763 1701075075019785597
1701075075019814350 1701075075044367345
1701075075044467146 1701075075070241588
1701075075070266865 1701075075108235971
1701075075108259358 1701075075134022349
1701075075134051024 1701075075159789734
1701075075159820809 1701075075197194375
1701075075197229408 1701075075221648015
1701075075221673461 1701075075246710875
1701075075246731367 1701075075284166474
1701075075284252230 1701075075310654015
1701075075310705450 1701075075337490898
1701075075337518119 1701075075363685728
1701075075363750419 1701075075390235571
1701075075390299659 1701075075426823619
1701075075426846257 1701075075465370631
1701075075465408069 1701075075492705103
1701075075492752604 1701075075520141931
1701075075520182141 1701075075546521595
1701075075546542603 1701075075573375028
1701075075573438901 1701075075600425657
1701075075600453054 1701075075627416192
1701075075627459989 1701075075654933083
1701075075654981083 1701075075681642246
1701075075681668943 1701075075722428549
1701075075722451856 1701075075761260829
1701075075761288207 1701075075787900263
1701075075787924094 1701075075830071874
1701075075830151359 1701075075855722282
1701075075855762399 1701075075898137072
1701075075898197542 1701075075923775623
1701075075923799268 1701075075965236447
1701075075965259222 1701075075991680638
1701075075991703311 1701075076034984800
1701075076035010905 1701075076075759986
1701075076075806394 1701075076116080111
1701075076116103321 1701075076156040875
1701075076156090270 1701075076181927132
1701075076181942343 1701075076222433495
1701075076222487455 1701075076266460588
1701075076266489631 1701075076310613548
1701075076310684519 1701075076337552369
1701075076337606259 1701075076370817698
1701075076370867512 1701075076416841373
1701075076416896928 1701075076441967081
1701075076442028161 1701075076486587008
1701075076486672490 1701075076513332105
1701075076513389288 1701075076540274283
1701075076540344885 1701075076587730805
1701075076587754039 1701075076614214625
1701075076614237857 1701075076640260111
1701075076640282514 1701075076664459819
1701075076664510805 1701075076710323281
1701075076710348100 1701075076737186156
1701075076737209470 1701075076764605157
1701075076764627876 1701075076791260601
1701075076791304929 1701075076817661504
1701075076817683414 1701075076865281569
1701075076865309948 1701075076891026595
1701075076891097711 1701075076916287482
1701075076916336956 1701075076942369518
1701075076942392019 1701075076968774828
1701075076968805886 1701075076993670837
1701075076993695508 1701075077019897577
1701075077019941004 1701075077046901150
1701075077046931195 1701075077072609391
1701075077072631478 1701075077097877203
1701075077097899591 1701075077121696027
1701075077121718226 1701075077147744610
1701075077147795167 1701075077174030229
1701075077174087885 1701075077201890904
1701075077201913381 1701075077228975222
1701075077229012971 1701075077254547389
1701075077254570950 1701075077284831392
1701075077284855472 1701075077314549176
1701075077314576149 1701075077341238268
1701075077341264143 1701075077367553349
1701075077367576173 1701075077392827992
1701075077392849954 1701075077418140257
1701075077418162959 1701075077448507604
1701075077448531009 1701075077474035879
1701075077474059070 1701075077503730439
1701075077503775444 1701075077536892666
1701075077536922628 1701075077569184878
1701075077569278006 1701075077594340340
1701075077594395289 1701075077620427490
1701075077620492337 1701075077651414983
1701075077651445113 1701075077682632538
1701075077682656910 1701075077707267170
1701075077707291307 1701075077731912235
1701075077731935398 1701075077757889895
1701075077757913888 1701075077783939753
1701075077783962834 1701075077809739202
1701075077809762751 1701075077834567769
1701075077834590627 1701075077860691720
1701075077860714596 1701075077893468088
1701075077893493804 1701075077919677857
1701075077919705065 1701075077946249051
1701075077946271692 1701075077973346530
1701075077973369890 1701075077999585256
1701075077999608831 1701075078025775204
1701075078025805488 1701075078060418310
1701075078060441661 1701075078086710258
1701075078086735866 1701075078112336306
1701075078112359542 1701075078145154839
1701075078145179019 1701075078189448314
1701075078189471922 1701075078214976686
1701075078215003454 1701075078241186288
1701075078241234281 1701075078288085057
1701075078288110271 1701075078336112812
1701075078336144359 1701075078362698846
1701075078362720896 1701075078389390160
1701075078389413629 1701075078438159146
1701075078438191044 1701075078486197648
1701075078486221701 1701075078511701434
1701075078511750799 1701075078560746614
1701075078560777988 1701075078587280218
1701075078587306807 1701075078613196739
1701075078613220210 1701075078639471550
1701075078639508459 1701075078665693966
1701075078665716603 1701075078716500904
1701075078716542427 1701075078741946206
1701075078741969708 1701075078796452588
1701075078796476247 1701075078823173573
1701075078823196986 1701075078879174620
1701075078879207311 1701075078905577578
1701075078905601401 1701075078933627646
1701075078933653912 1701075078959948465
1701075078959975554 1701075078985112603
1701075078985140538 1701075079040575640
1701075079040601139 1701075079067748928
1701075079067796585 1701075079094261722
1701075079094289570 1701075079148198834
1701075079148222306 1701075079175036460
1701075079175059869 1701075079223400163
1701075079223423076 1701075079248157810
1701075079248180747 1701075079304061641
1701075079304095210 1701075079330148291
1701075079330185812 1701075079390986111
1701075079391013268 1701075079417628166
1701075079417661008 1701075079443236033
1701075079443264672 1701075079468464658
1701075079468488789 1701075079524578508
1701075079524602571 1701075079581001093
1701075079581024441 1701075079607129053
1701075079607152812 1701075079634387126
1701075079634410643 1701075079660772519
1701075079660830978 1701075079687287933
1701075079687317341 1701075079714354328
1701075079714377721 1701075079741572822
1701075079741600533 1701075079797518882
1701075079797543715 1701075079823577740
1701075079823605037 1701075079848391661
1701075079848415569 1701075079874529858
1701075079874554455 1701075079899148929
1701075079899172341 1701075079951539198
1701075079951562008 1701075079977306024
1701075079977330406 1701075080027018385
1701075080027042440 1701075080052894858
1701075080052942327 1701075080079575313
1701075080079602648 1701075080105812702
1701075080105839903 1701075080131762688
1701075080131785624 1701075080159959593
1701075080159984328 1701075080185835192
1701075080185858744 1701075080211575233
1701075080211603419 1701075080244033953
1701075080244058377 1701075080269418846
1701075080269443503 1701075080296437403
1701075080296466710 1701075080321617223
1701075080321642631 1701075080347975256
1701075080347998493 1701075080373044590
1701075080373068164 1701075080398056045
1701075080398083256 1701075080423728440
1701075080423754584 1701075080449557764
1701075080449581411 1701075080478563927
1701075080478595974 1701075080502031904
1701075080502055623 1701075080527270436
1701075080527294458 1701075080556014837
1701075080556043812 1701075080581434243
1701075080581460317 1701075080607184223
1701075080607207832 1701075080638248891
1701075080638271972 1701075080663632344
1701075080663658762 1701075080687252787
1701075080687275157 1701075080712173142
1701075080712204563 1701075080737699713
1701075080737746728 1701075080762546469
1701075080762582974 1701075080788129237
1701075080788161151 1701075080812865471
1701075080812897249 1701075080836781057
1701075080836805708 1701075080863309928
1701075080863358992 1701075080898184133
1701075080898206001 1701075080924032594
1701075080924054365 1701075080950695262
1701075080950735468 1701075080975747981
1701075080975774301 1701075081001692957
1701075081001714838 1701075081026799321
1701075081026824428 1701075081049866751
1701075081049890691 1701075081086292978
1701075081086314987 1701075081111453863
1701075081111481644 1701075081137452823
1701075081137474757 1701075081162166601
1701075081162187905 1701075081188212298
1701075081188236141 1701075081214174670
1701075081214196470 1701075081239361955
1701075081239404267 1701075081263964607
1701075081264012095 1701075081289309287
1701075081289370732 1701075081313687489
1701075081313736165 1701075081339108021
1701075081339129774 1701075081383841367
1701075081383896971 1701075081424475190
1701075081424498829 1701075081449229453
1701075081449252474 1701075081490227201
1701075081490275293 1701075081533763416
1701075081533785466 1701075081559667291
1701075081559695843 1701075081585674230
1701075081585697872 1701075081630163948
1701075081630186334 1701075081655930746
1701075081655952923 1701075081703357042
1701075081703382046 1701075081768806586
1701075081768831133 1701075081807432140
1701075081807465714 1701075081833512713
1701075081833535469 1701075081881369251
1701075081881392441 1701075081906838253
1701075081906860812 1701075081956062558
1701075081956088226 1701075082007514528
1701075082007536855 1701075082033939801
1701075082033963056 1701075082079954217
1701075082080001400 1701075082104995712
1701075082105037361 1701075082130246643
1701075082130278138 1701075082154654821
1701075082154714594 1701075082180173791
1701075082180198694 1701075082205990480
1701075082206045172 1701075082232901232
1701075082232923488 1701075082259603729
1701075082259646959 1701075082286734856
1701075082286809301 1701075082316820932
1701075082316848897 1701075082364402727
1701075082364429430 1701075082390392091
1701075082390418272 1701075082417209146
1701075082417236143 1701075082467781781
1701075082467806923 1701075082493767551
1701075082493814765 1701075082519548022
1701075082519569958 1701075082545822490
1701075082545847569 1701075082572071953
1701075082572094224 1701075082597240722
1701075082597271692 1701075082623081348
1701075082623106245 1701075082678939748
1701075082678970745 1701075082706259122
1701075082706284267 1701075082732390989
1701075082732418065 1701075082788905306
1701075082788934917 1701075082814175921
1701075082814219171 1701075082839700637
1701075082839722716 1701075082865254859
1701075082865280306 1701075082894769755
1701075082894861410 1701075082920566090
1701075082920588777 1701075082973040643
1701075082973106529 1701075082998734738
1701075082998757890 1701075083026275946
1701075083026290717 1701075083079213437
1701075083079349999 1701075083104779146
1701075083105003676 1701075083131054337
1701075083131119880 1701075083157889097
1701075083157924108 1701075083185703223
1701075083185739582 1701075083211208500
1701075083211231231 1701075083240296100
1701075083240359659 1701075083266117821
1701075083266145006 1701075083291386884
1701075083291410294 1701075083316830145
1701075083316854042 1701075083345741033
1701075083345776853 1701075083373596486
1701075083373621391 1701075083399832401
1701075083399854857 1701075083426156157
1701075083426210315 1701075083455503229
1701075083455527167 1701075083481018536
1701075083481066986 1701075083511670276
1701075083511693291 1701075083542821591
1701075083542885154 1701075083575463938
1701075083575525173 1701075083606396416
1701075083606472604 1701075083632742017
1701075083632805795 1701075083659061406
1701075083659107175 1701075083684442771
1701075083684466118 1701075083711289397
1701075083711366277 1701075083735457848
1701075083735526411 1701075083761384237
1701075083761454967 1701075083788247127
1701075083788272398 1701075083815252091
1701075083815318406 1701075083841434192
1701075083841457237 1701075083873132849
1701075083873197179 1701075083899356634
1701075083899421476 1701075083925848555
1701075083925870605 1701075083951838402
1701075083951878871 1701075083989457877
1701075083989524611 1701075084016189330
1701075084016213094 1701075084042344454
1701075084042371088 1701075084068245263
1701075084068309516 1701075084102204474
1701075084102227025 1701075084135809982
1701075084135835026 1701075084169476394
1701075084169502674 1701075084194386617
1701075084194410353 1701075084219907215
1701075084219930649 1701075084253277388
1701075084253330197 1701075084278361419
1701075084278448968 1701075084304122538
1701075084304192385 1701075084329666850
1701075084329729067 1701075084355038471
1701075084355095578 1701075084392250346
1701075084392274873 1701075084419395479
1701075084419451881 1701075084445894190
1701075084445984424 1701075084471808188
1701075084471851386 1701075084498773186
1701075084498802758 1701075084538753295
1701075084538800242 1701075084564743891
1701075084564800985 1701075084601847755
1701075084601902155 1701075084638141191
1701075084638192949 1701075084677294558
1701075084677341494 1701075084703554020
1701075084703606242 1701075084729928818
1701075084729981719 1701075084769851012
1701075084769908323 1701075084796817822
1701075084796907141 1701075084825793211
1701075084825862161 1701075084851806387
1701075084851872969 1701075084877865437
1701075084877878126 1701075084903910032
1701075084903971240 1701075084929605549
1701075084929653859 1701075084968045381
1701075084968110321 1701075084995466707
1701075084995524528 1701075085021840121
1701075085021883955 1701075085048175715
1701075085048235300 1701075085091061852
1701075085091117177 1701075085134954835
1701075085135053863 1701075085161761666
1701075085161823903 1701075085205798252
1701075085205884521 1701075085231891005
1701075085231979312 1701075085257942370
1701075085257988784 1701075085284060360
1701075085284143948 1701075085324644772
1701075085324687366 1701075085367769442
1701075085367855962 1701075085400449486
1701075085400462205 1701075085425929844
1701075085425971906 1701075085451968807
1701075085451987237 1701075085478584058
1701075085478637828 1701075085521932561
1701075085521999464 1701075085567009503
1701075085567095502 1701075085593386514
1701075085593470125 1701075085620095790
1701075085620108147 1701075085645988658
1701075085646013586 1701075085704332657
1701075085704344661 1701075085754671494
1701075085754712622 1701075085812385366
1701075085812432774 1701075085865533448
1701075085865576183 1701075085890900797
1701075085890913875 1701075085916302966
1701075085916329634 1701075085943199456
1701075085943240670 1701075085969756850
1701075085969799373 1701075085997032798
1701075085997046929 1701075086023855471
1701075086023906777 1701075086081432592
1701075086081489191 1701075086107219175
1701075086107232104 1701075086159984232
1701075073805330117 1701075073836145189
1701075073836216455 1701075073862372616
1701075073862503910 1701075073890677996
1701075073890702569 1701075073915696727
1701075073915740311 1701075073942656788
1701075073942697584 1701075073974423480
1701075073974448807 1701075074000661334
1701075074000687330 1701075074028444792
1701075074028474062 1701075074056320311
1701075074056405293 1701075074081856493
1701075074081927684 1701075074108059863
1701075074108121994 1701075074136207921
1701075074136248568 1701075074162479040
1701075074162499240 1701075074188239380
1701075074188316067 1701075074214253996
1701075074214286115 1701075074239688759
1701075074239808732 1701075074266300055
1701075074266321303 1701075074296948142
1701075074296998012 1701075074322978804
1701075074323035791 1701075074349030005
1701075074349054322 1701075074373969075
1701075074374040551 1701075074400035162
1701075074400097970 1701075074425848372
1701075074425885678 1701075074451882211
1701075074451914242 1701075074483757236
1701075074483778454 1701075074509909288
1701075074509929490 1701075074536180315
1701075074536201827 1701075074576117262
1701075074576143854 1701075074607960920
1701075074607982976 1701075074633750004
1701075074633771245 1701075074666878131
1701075074666914142 1701075074712198497
1701075074712270328 1701075074744955079
1701075074744976375 1701075074769887696
1701075074769919911 1701075074804271582
1701075074804298406 1701075074830592536
1701075074830645165 1701075074856236198
1701075074856256185 1701075074891385483
1701075074891406272 1701075074918429695
1701075074918470688 1701075074945480426
1701075074945501324 1701075074971631299
1701075074971652365 1701075074998131157
1701075074998220497 1701075075024354082
1701075075024440489 1701075075050422667
1701075075050443561 1701075075076438617
1701075075076458938 1701075075102868595
1701075075102934357 1701075075136818289
1701075075136843619 1701075075161778222
1701075075161832684 1701075075195601148
1701075075195622972 1701075075232298384
1701075075232321699 1701075075259125081
1701075075259169808 1701075075295418919
1701075075295441508 1701075075333691506
1701075075333755354 1701075075360298353
1701075075360366587 1701075075387243088
1701075075387322834 1701075075414279344
1701075075414302085 1701075075441578457
1701075075441627008 1701075075479692579
1701075075479714717 1701075075506542730
1701075075506564391 1701075075533567885
1701075075533588722 1701075075559669612
1701075075559739180 1701075075601966762
1701075075601987495 1701075075639748187
1701075075639812679 1701075075667552308
1701075075667572972 1701075075694233191
1701075075694276168 1701075075720353730
1701075075720379236 1701075075745129518
1701075075745150063 1701075075788360724
1701075075788396514 1701075075814910652
1701075075814968806 1701075075857662692
1701075075857720776 1701075075882300907
1701075075882356913 1701075075909109993
1701075075909185999 1701075075949444693
1701075075949502192 1701075075974493105
1701075075974553109 1701075076018230270
1701075076018293280 1701075076043490300
1701075076043545036 1701075076069272044
1701075076069333300 1701075076113012225
1701075076113064282 1701075076138858803
1701075076138915638 1701075076183741913
1701075076183801209 1701075076208411610
1701075076208459067 1701075076253015578
1701075076253072389 1701075076278127235
1701075076278195424 1701075076303915568
1701075076303970235 1701075076357487338
1701075076357570678 1701075076383803039
1701075076383860010 1701075076410731224
1701075076410788237 1701075076436876531
1701075076436925393 1701075076483568612
1701075076483656235 1701075076530457628
1701075076530513154 1701075076555282592
1701075076555338306 1701075076599498567
1701075076599549634 1701075076645269443
1701075076645326798 1701075076694756838
1701075076694804932 1701075076744185032
1701075076744229074 1701075076770052059
1701075076770109929 1701075076816003208
1701075076816060775 1701075076842912263
1701075076843013755 1701075076890692508
1701075076890751596 1701075076944996866
1701075076945087953 1701075076969217605
1701075076969243226 1701075076993959820
1701075076993983676 1701075077020037331
1701075077020089857 1701075077045293681
1701075077045319710 1701075077070773870
1701075077070814501 1701075077107160439
1701075077107190727 1701075077132942978
1701075077132965869 1701075077159507166
1701075077159535995 1701075077185401179
1701075077185438857 1701075077211741927
1701075077211764737 1701075077237260556
1701075077237302456 1701075077262593316
1701075077262617552 1701075077288009654
1701075077288045185 1701075077325536339
1701075077325572595 1701075077351267647
1701075077351290603 1701075077390684261
1701075077390708526 1701075077430408870
1701075077430433608 1701075077455909844
1701075077455933639 1701075077495128164
1701075077495158009 1701075077521734867
1701075077521749271 1701075077547868502
1701075077547894922 1701075077572911802
1701075077572934673 1701075077598337109
1701075077598360448 1701075077624107900
1701075077624131500 1701075077648589993
1701075077648612226 1701075077673903955
1701075077673929152 1701075077699162829
1701075077699206743 1701075077725655468
1701075077725678700 1701075077751019059
1701075077751045126 1701075077777731086
1701075077777757733 1701075077804041511
1701075077804070448 1701075077847834023
1701075077847890104 1701075077872599060
1701075077872622548 1701075077898413870
1701075077898435766 1701075077923611671
1701075077923635127 1701075077967668368
1701075077967710235 1701075077992321909
1701075077992343737 1701075078018879412
1701075078018901725 1701075078044913831
1701075078044939803 1701075078070429943
1701075078070454536 1701075078097241533
1701075078097264169 1701075078140898283
1701075078140923886 1701075078167358681
1701075078167381125 1701075078194222420
1701075078194244630 1701075078240492520
1701075078240519075 1701075078267605363
1701075078267628064 1701075078311429025
1701075078311470679 1701075078358501593
1701075078358523102 1701075078404097993
1701075078404123621 1701075078430124309
1701075078430147644 1701075078457940919
1701075078457971657 1701075078508029764
1701075078508052904 1701075078534052382
1701075078534074668 1701075078584086900
1701075078584111151 1701075078609969126
1701075078609990671 1701075078634432659
1701075078634461202 1701075078659765513
1701075078659787419 1701075078685009545
1701075078685034301 1701075078711588723
1701075078711614832 1701075078735987668
1701075078736010159 1701075078762379166
1701075078762401744 1701075078788485842
1701075078788507746 1701075078814860649
1701075078814882946 1701075078840635735
1701075078840658894 1701075078866584986
1701075078866608155 1701075078891317470
1701075078891340847 1701075078946208616
1701075078946230937 1701075078971769008
1701075078971792239 1701075078998467801
1701075078998492051 1701075079024108527
1701075079024131278 1701075079078546466
1701075079078569567 1701075079133388665
1701075079133414797 1701075079159522518
1701075079159545892 1701075079185813089
1701075079185836590 1701075079210539946
1701075079210563130 1701075079236692957
1701075079236715558 1701075079261690810
1701075079261713366 1701075079287338956
1701075079287370423 1701075079313243277
1701075079313273433 1701075079375694031
1701075079375717500 1701075079401951492
1701075079401975988 1701075079456816379
1701075079456838820 1701075079514822587
1701075079514846421 1701075079538873839
1701075079538899459 1701075079564583577
1701075079564610005 1701075079621775884
1701075079621799228 1701075079675146795
1701075079675170302 1701075079733338932
1701075079733365550 1701075079759428450
1701075079759451718 1701075079816564646
1701075079816587286 1701075079867843153
1701075079867866012 1701075079917888300
1701075079917912729 1701075079968071558
1701075079968094271 1701075080019411111
1701075080019434763 1701075080075655469
1701075080075679525 1701075080127094156
1701075080127119110 1701075080151837209
1701075080151859956 1701075080177946453
1701075080177972505 1701075080243341279
1701075080243364876 1701075080300700356
1701075080300743191 1701075080325518444
1701075080325541603 1701075080350471954
1701075080350504689 1701075080374337625
1701075080374360280 1701075080398255113
1701075080398278945 1701075080425583347
1701075080425605840 1701075080449646720
1701075080449660356 1701075080474522204
1701075080474545063 1701075080499729831
1701075080499753700 1701075080523521639
1701075080523543509 1701075080551456825
1701075080551487815 1701075080577519531
1701075080577541708 1701075080603025810
1701075080603049824 1701075080631430583
1701075080631455228 1701075080657585040
1701075080657607193 1701075080685967815
1701075080685990770 1701075080712194563
1701075080712216121 1701075080741330657
1701075080741353361 1701075080767255207
1701075080767277525 1701075080795110689
1701075080795161442 1701075080822957650
1701075080822980140 1701075080848251807
1701075080848274201 1701075080876840248
1701075080876864420 1701075080901950520
1701075080901972840 1701075080927465865
1701075080927487434 1701075080957602126
1701075080957659961 1701075080981352962
1701075080981381748 1701075081005968966
1701075081005990506 1701075081030476023
1701075081030501179 1701075081054112476
1701075081054134171 1701075081079962140
1701075081079983991 1701075081104588761
1701075081104613404 1701075081129864638
1701075081129887897 1701075081162236307
1701075081162260961 1701075081196672610
1701075081196694718 1701075081223564870
1701075081223586805 1701075081248233474
1701075081248256549 1701075081288937622
1701075081288964140 1701075081314464227
1701075081314506835 1701075081339231507
1701075081339254480 1701075081365155451
1701075081365177289 1701075081391501596
1701075081391523394 1701075081416978298
1701075081417003737 1701075081456029028
1701075081456051695 1701075081493113387
1701075081493137111 1701075081518353153
1701075081518375132 1701075081542669961
1701075081542692196 1701075081583269059
1701075081583328649 1701075081609412839
1701075081609435170 1701075081650012875
1701075081650035248 1701075081675740361
1701075081675762804 1701075081703092925
1701075081703115430 1701075081750152870
1701075081750238620 1701075081776976132
1701075081776997095 1701075081817335238
1701075081817363198 1701075081858832407
1701075081858857038 1701075081884154261
1701075081884176479 1701075081923805860
1701075081923833833 1701075081966859343
1701075081966881612 1701075081993170055
1701075081993192540 1701075082019625326
1701075082019648097 1701075082065053315
1701075082065077190 1701075082091222829
1701075082091248000 1701075082136016321
1701075082136085539 1701075082179539407
1701075082179586549 1701075082207945553
1701075082207968147 1701075082232891281
1701075082232906172 1701075082259486324
1701075082259522045 1701075082286564443
1701075082286590069 1701075082313621899
1701075082313687045 1701075082338803539
1701075082338853639 1701075082364385686
1701075082364407724 1701075082411651083
1701075082411673754 1701075082438008616
1701075082438038340 1701075082464327098
1701075082464350484 1701075082490967402
1701075082490992171 1701075082517595490
1701075082517621996 1701075082567327349
1701075082567351298 1701075082594028882
1701075082594051030 1701075082620142343
1701075082620163925 1701075082647237162
1701075082647260682 1701075082673414001
1701075082673439413 1701075082697896707
1701075082697925002 1701075082749595561
1701075082749618084 1701075082777108930
1701075082777132139 1701075082828892305
1701075082828914361 1701075082855733473
1701075082855768422 1701075082907262385
1701075082907287423 1701075082932934159
1701075082932956856 1701075082959236323
1701075082959259252 1701075083015605208
1701075083015627576 1701075083041948755
1701075083041973811 1701075083077819081
1701075083077842288 1701075083104742085
1701075083104770501 1701075083131025092
1701075083131097658 1701075083157725610
1701075083157752601 1701075083184639571
1701075083184664728 1701075083211270319
1701075083211294809 1701075083237977392
1701075083238003346 1701075083264237771
1701075083264290094 1701075083291333454
1701075083291392104 1701075083316818941
1701075083316843503 1701075083343703589
1701075083343727057 1701075083369850050
1701075083369875408 1701075083396007094
1701075083396030214 1701075083423490669
1701075083423513580 1701075083449566467
1701075083449588367 1701075083475733733
1701075083475782296 1701075083502440713
1701075083502463959 1701075083529252957
1701075083529263848 1701075083554211258
1701075083554252567 1701075083580750689
1701075083580792800 1701075083606758757
1701075083606809760 1701075083633173150
1701075083633197012 1701075083658799350
1701075083658825759 1701075083684555251
1701075083684583803 1701075083709955605
1701075083709977740 1701075083734687376
1701075083734709658 1701075083761490335
1701075083761512891 1701075083788348173
1701075083788382138 1701075083818427906
1701075083818451509 1701075083848002565
1701075083848025620 1701075083873960895
1701075083873986038 1701075083905406078
1701075083905428883 1701075083937200036
1701075083937222836 1701075083978125317
1701075083978148336 1701075084004877511
1701075084004901229 1701075084036332606
1701075084036359976 1701075084061893848
1701075084061916895 1701075084088520044
1701075084088542498 1701075084114764079
1701075084114791933 1701075084140418363
1701075084140445723 1701075084165551158
1701075084165577540 1701075084191635512
1701075084191660772 1701075084217127216
1701075084217156406 1701075084253473994
1701075084253502260 1701075084289256564
1701075084289279234 1701075084315339215
1701075084315362143 1701075084341415680
1701075084341456355 1701075084367154765
1701075084367176694 1701075084417864166
1701075084417888598 1701075084445862978
1701075084445888064 1701075084472111724
1701075084472163880 1701075084514786721
1701075084514813652 1701075084540417037
1701075084540439178 1701075084566170516
1701075084566192493 1701075084591365349
1701075084591409961 1701075084616307597
1701075084616330715 1701075084659226418
1701075084659268690 1701075084685532082
1701075084685554122 1701075084729699990
1701075084729722057 1701075084756526995
1701075084756550327 1701075084797516143
1701075084797560369 1701075084825904107
1701075084825914871 1701075084852224279
1701075084852290298 1701075084898144755
1701075084898171432 1701075084945333183
1701075084945354462 1701075084973301488
1701075084973342949 1701075084999891621
1701075084999961633 1701075085026234827
1701075085026305548 1701075085073714283
1701075085073740488 1701075085100273089
1701075085100340990 1701075085126653062
1701075085126717487 1701075085175586522
1701075085175642143 1701075085223889612
1701075085223926487 1701075085250457880
1701075085250502566 1701075085277708882
1701075085277733275 1701075085302540966
1701075085302563520 1701075085329746252
1701075085329778585 1701075085356920802
1701075085356944586 1701075085412476412
1701075085412553708 1701075085438299985
1701075085438368582 1701075085491985725
1701075085492009216 1701075085518478467
1701075085518542621 1701075085572719463
1701075085572755570 1701075085598350083
1701075085598387188 1701075085624286423
1701075085624366344 1701075085651514722
1701075085651539207 1701075085676333730
1701075085676345760 1701075085729881030
1701075085729925807 1701075085785800082
1701075085785812390 1701075085840450750
1701075085840492494 1701075085895859142
1701075085895884304 1701075085922714299
1701075085922795395 1701075085949224675
1701075085949273512 1701075085976113428
1701075085976182554 1701075086002549564
1701075086002591276 1701075086028461470
1701075086028528791 1701075086055301056
1701075086055347704 1701075086081328541
1701075086081355232 1701075086107310092
1701075086107378977 1701075086134018318
1701075086134060135 1701075086159656774
1701075086159698281 1701075086186451136
1701075086186496061 1701075086234955180
1701075086234976639 1701075086287797719
1701075086287837700 1701075086345222390
1701075086345242111 1701075086371614351
1701075086371630984 1701075086399251682
1701075086399298082 1701075086426178986
1701075086426201540 1701075086483133434
1701075073805181560 1701075073843959425
1701075073844001067 1701075073870630764
1701075073870693908 1701075073896650709
1701075073896714088 1701075073922007410
1701075073922028034 1701075073948202173
1701075073948227527 1701075073984911071
1701075073984984022 1701075074011567426
1701075074011595732 1701075074036807514
1701075074036851129 1701075074062604517
1701075074062647113 1701075074089834703
1701075074089862894 1701075074115741247
1701075074115761719 1701075074153817589
1701075074153841201 1701075074179794353
1701075074179824342 1701075074218708903
1701075074218729175 1701075074244653801
1701075074244672322 1701075074281417910
1701075074281441176 1701075074307669982
1701075074307733835 1701075074345219536
1701075074345261377 1701075074372159114
1701075074372186946 1701075074409376937
1701075074409433893 1701075074435445052
1701075074435522719 1701075074461625401
1701075074461663845 1701075074487919068
1701075074487952502 1701075074526731430
1701075074526759703 1701075074567269289
1701075074567318538 1701075074609490924
1701075074609511884 1701075074649601799
1701075074649622715 1701075074675118911
1701075074675139720 1701075074718131376
1701075074718165394 1701075074756875784
1701075074756969031 1701075074798689664
1701075074798710664 1701075074824312004
1701075074824333394 1701075074849346745
1701075074849369870 1701075074874571051
1701075074874593108 1701075074899071874
1701075074899178337 1701075074941127840
1701075074941150476 1701075074967265811
1701075074967289184 1701075075006937645
1701075075007016239 1701075075033330915
1701075075033411408 1701075075057685597
1701075075057706059 1701075075099258233
1701075075099300816 1701075075126193421
1701075075126217691 1701075075171509721
1701075075171530644 1701075075197290386
1701075075197368491 1701075075220648042
1701075075220703709 1701075075246519076
1701075075246585304 1701075075273534508
1701075075273600086 1701075075319002755
1701075075319023961 1701075075344966326
1701075075344987127 1701075075391628853
1701075075391651366 1701075075416329606
1701075075416362613 1701075075441707786
1701075075441733341 1701075075468729870
1701075075468750291 1701075075515995675
1701075075516016389 1701075075542565793
1701075075542629096 1701075075591160606
1701075075591182319 1701075075617727688
1701075075617751260 1701075075643496721
1701075075643560354 1701075075667814267
1701075075667861986 1701075075693710657
1701075075693758319 1701075075720400217
1701075075720432665 1701075075775218223
1701075075775239340 1701075075802050429
1701075075802077590 1701075075828432201
1701075075828450509 1701075075855537928
1701075075855602853 1701075075882202327
1701075075882223384 1701075075933998224
1701075075934037509 1701075075960307869
1701075075960360977 1701075075986362037
1701075075986431941 1701075076013051928
1701075076013098463 1701075076039039078
1701075076039085813 1701075076061585740
1701075076061627474 1701075076086065217
1701075076086126389 1701075076112191652
1701075076112246873 1701075076169360651
1701075076169425791 1701075076195532772
1701075076195596008 1701075076221851766
1701075076221907236 1701075076248420825
1701075076248491515 1701075076274008106
1701075076274064097 1701075076298329344
1701075076298377844 1701075076324818527
1701075076324870168 1701075076357580078
1701075076357646082 1701075076415039184
1701075076415079143 1701075076472543559
1701075076472587896 1701075076498669311
1701075076498757660 1701075076551397330
1701075076551447805 1701075076577820915
1701075076577881804 1701075076604960880
1701075076605007646 1701075076658827459
1701075076658876134 1701075076686185658
1701075076686233123 1701075076713276920
1701075076713323518 1701075076769729915
1701075076769774096 1701075076795669843
1701075076795723834 1701075076820547268
1701075076820602998 1701075076846649029
1701075076846699143 1701075076873241086
1701075076873305129 1701075076899384666
1701075076899437054 1701075076926248957
1701075076926307185 1701075076950915822
1701075076951011836 1701075077005412878
1701075077005493564 1701075077032895331
1701075077032918399 1701075077060230609
1701075077060252404 1701075077087466506
1701075077087489197 1701075077113713276
1701075077113735718 1701075077140061447
1701075077140084049 1701075077165622099
1701075077165644742 1701075077188875586
1701075077188898831 1701075077212228090
1701075077212278295 1701075077237680423
1701075077237729844 1701075077265993985
1701075077266021690 1701075077291742998
1701075077291821666 1701075077317985495
1701075077318014154 1701075077343488299
1701075077343511774 1701075077367639682
1701075077367703243 1701075077395683898
1701075077395707611 1701075077421578808
1701075077421602237 1701075077451899367
1701075077451921956 1701075077478472674
1701075077478499448 1701075077503172786
1701075077503215472 1701075077530243301
1701075077530266225 1701075077556050150
1701075077556072486 1701075077587665571
1701075077587710450 1701075077613634290
1701075077613658143 1701075077639181791
1701075077639204642 1701075077665339134
1701075077665364514 1701075077700766143
1701075077700792461 1701075077725750973
1701075077725821144 1701075077750799910
1701075077750823607 1701075077788303314
1701075077788336392 1701075077814520593
1701075077814544147 1701075077840454055
1701075077840480575 1701075077864467031
1701075077864490291 1701075077890533776
1701075077890597983 1701075077926122400
1701075077926145983 1701075077951772975
1701075077951802270 1701075077977783795
1701075077977807075 1701075078015643612
1701075078015670141 1701075078042057964
1701075078042084831 1701075078068706260
1701075078068732523 1701075078107916388
1701075078107944108 1701075078133317185
1701075078133339443 1701075078169459014
1701075078169484725 1701075078206931068
1701075078206962049 1701075078233689053
1701075078233712447 1701075078260786272
1701075078260815690 1701075078301910100
1701075078301935341 1701075078328368066
1701075078328394421 1701075078356223142
1701075078356245802 1701075078382211654
1701075078382233889 1701075078407096631
1701075078407153912 1701075078443583180
1701075078443608514 1701075078484534824
1701075078484597684 1701075078510611942
1701075078510670475 1701075078536076854
1701075078536100490 1701075078576064098
1701075078576097544 1701075078617613236
1701075078617639148 1701075078659470302
1701075078659514039 1701075078683938356
1701075078683962643 1701075078726360135
1701075078726382391 1701075078769121272
1701075078769144420 1701075078812829678
1701075078812858281 1701075078837906415
1701075078837941554 1701075078883314194
1701075078883338892 1701075078927962858
1701075078928006724 1701075078955394230
1701075078955436162 1701075078999506485
1701075078999552227 1701075079024425719
1701075079024457224 1701075079049561321
1701075079049583431 1701075079090912226
1701075079090934078 1701075079118322075
1701075079118348382 1701075079165523619
1701075079165545320 1701075079214993608
1701075079215015651 1701075079241086576
1701075079241108632 1701075079264141549
1701075079264165949 1701075079289647945
1701075079289676350 1701075079336409496
1701075079336447618 1701075079362104267
1701075079362130475 1701075079409361630
1701075079409386566 1701075079435748222
1701075079435772422 1701075079486956821
1701075079486979036 1701075079512480283
1701075079512502831 1701075079538705325
1701075079538727231 1701075079593426254
1701075079593449908 1701075079619909418
1701075079619952202 1701075079645277475
1701075079645300378 1701075079701342770
1701075079701364740 1701075079727541597
1701075079727588568 1701075079753998031
1701075079754020774 1701075079780525494
1701075079780549372 1701075079806497493
1701075079806519971 1701075079833117478
1701075079833140909 1701075079859038705
1701075079859060821 1701075079885054075
1701075079885077424 1701075079935222000
1701075079935244277 1701075079960434632
1701075079960457378 1701075079987216871
1701075079987240316 1701075080013861017
1701075080013883367 1701075080039939509
1701075080039964200 1701075080065731878
1701075080065755150 1701075080091820287
1701075080091900440 1701075080117041701
1701075080117070624 1701075080144078415
1701075080144109645 1701075080169834385
1701075080169874371 1701075080195829972
1701075080195853852 1701075080224169861
1701075080224192760 1701075080259282993
1701075080259305500 1701075080285278756
1701075080285301236 1701075080311329345
1701075080311374464 1701075080335805224
1701075080335828951 1701075080363714862
1701075080363739389 1701075080389083419
1701075080389108467 1701075080413836013
1701075080413859630 1701075080439949521
1701075080439971942 1701075080465681111
1701075080465706690 1701075080491253106
1701075080491275735 1701075080519639060
1701075080519661878 1701075080544671979
1701075080544695262 1701075080569925951
1701075080569948745 1701075080598704574
1701075080598726340 1701075080624041496
1701075080624063665 1701075080654260878
1701075080654285772 1701075080679522976
1701075080679545194 1701075080704335103
1701075080704356982 1701075080729022734
1701075080729045011 1701075080760025126
1701075080760049741 1701075080785784238
1701075080785807147 1701075080811861722
1701075080811883694 1701075080836938209
1701075080837004656 1701075080863172875
1701075080863196959 1701075080888089772
1701075080888112997 1701075080913552954
1701075080913576139 1701075080938388584
1701075080938410856 1701075080962714316
1701075080962747758 1701075080995562154
1701075080995584224 1701075081030150477
1701075081030179821 1701075081063777721
1701075081063810276 1701075081097916156
1701075081097941903 1701075081130686224
1701075081130730302 1701075081163357554
1701075081163382747 1701075081198142205
1701075081198164447 1701075081234775142
1701075081234796897 1701075081270363964
1701075081270391680 1701075081306767446
1701075081306807815 1701075081332607706
1701075081332646795 1701075081356888470
1701075081356911406 1701075081383093583
1701075081383153408 1701075081409413878
1701075081409459330 1701075081434306386
1701075081434337138 1701075081460117068
1701075081460139581 1701075081483979404
1701075081484001558 1701075081509861034
1701075081509882950 1701075081534530480
1701075081534601901 1701075081559785602
1701075081559810489 1701075081585596454
1701075081585618737 1701075081611184790
1701075081611206788 1701075081634107676
1701075081634133341 1701075081659304255
1701075081659326915 1701075081685135332
1701075081685157476 1701075081727131413
1701075081727223102 1701075081753371567
1701075081753395672 1701075081799124538
1701075081799154661 1701075081827196805
1701075081827237218 1701075081853836453
1701075081853861276 1701075081879911567
1701075081879978474 1701075081921816127
1701075081921838929 1701075081947986810
1701075081948012352 1701075081975031640
1701075081975078240 1701075082000637545
1701075082000660229 1701075082026288047
1701075082026310387 1701075082051841589
1701075082051863559 1701075082100642835
1701075082100668247 1701075082154515671
1701075082154555025 1701075082180237382
1701075082180294868 1701075082205938347
1701075082206070087 1701075082260101568
1701075082260125661 1701075082311339861
1701075082311396122 1701075082338619494
1701075082338644633 1701075082364421272
1701075082364438870 1701075082390281847
1701075082390308122 1701075082417579647
1701075082417605278 1701075082443516133
1701075082443538522 1701075082469166636
1701075082469212369 1701075082517729673
1701075082517758030 1701075082544607888
1701075082544631523 1701075082570907775
1701075082570934410 1701075082597049372
1701075082597091239 1701075082623301327
1701075082623327244 1701075082648410678
1701075082648450418 1701075082674213722
1701075082674261028 1701075082723576303
1701075082723598010 1701075082749686115
1701075082749704287 1701075082806522115
1701075082806593231 1701075082863314490
1701075082863377548 1701075082914318527
1701075082914398213 1701075082940911280
1701075082940945368 1701075082998031097
1701075082998095778 1701075083052726261
1701075083052744969 1701075083115970756
1701075083115994058 1701075083172722709
1701075083172777817 1701075083199080193
1701075083203395984 1701075083230045185
1701075083230095036 1701075083257102630
1701075083257153906 1701075083282985533
1701075083283044711 1701075083308181924
1701075083308252228 1701075083333426063
1701075083333499998 1701075083362779268
1701075083362828455 1701075083390346449
1701075083390396555 1701075083416629368
1701075083416679780 1701075083443052392
1701075083443100392 1701075083472025113
1701075083472445348 1701075083499701522
1701075083499772237 1701075083526853276
1701075083526936032 1701075083557396325
1701075083557448720 1701075083581852646
1701075083581912539 1701075083609669150
1701075083609717784 1701075083638475958
1701075083638528998 1701075083664149965
1701075083664209515 1701075083692533114
1701075083692586408 1701075083719011422
1701075083719059250 1701075083745112437
1701075083745163872 1701075083770133200
1701075083770190076 1701075083801054457
1701075083801149542 1701075083833322098
1701075083833404407 1701075083859639755
1701075083859703684 1701075083890744167
1701075083890796370 1701075083917299785
1701075083917370462 1701075083943643695
1701075083943695100 1701075083980396472
1701075083980444830 1701075084011891274
1701075084011946164 1701075084037363064
1701075084037417159 1701075084070543948
1701075084070597975 1701075084104355953
1701075084104407647 1701075084129795900
1701075084129838845 1701075084154523650
1701075084154579405 1701075084188313200
1701075084188349024 1701075084213198441
1701075084213257729 1701075084237754749
1701075084237817068 1701075084263136352
1701075084263184691 1701075084289575592
1701075084289636112 1701075084326687230
1701075084326747774 1701075084352456360
1701075084352537448 1701075084392221539
1701075084392446003 1701075084420212695
1701075084420266607 1701075084446013740
1701075084446068397 1701075084472003775
1701075084472031365 1701075084512204513
1701075084512337021 1701075084538560577
1701075084538665867 1701075084564474487
1701075084564518610 1701075084589901798
1701075084589968218 1701075084615482047
1701075084615532048 1701075084641309183
1701075084641355745 1701075084666717279
1701075084666763262 1701075084691840513
1701075084691892359 1701075084730481932
1701075084730524656 1701075084756368883
1701075084756489373 1701075084781349453
1701075084781393073 1701075084825288889
1701075084825357777 1701075084852113529
1701075084852169202 1701075084877839673
1701075084878041493 1701075084919980709
1701075084920047875 1701075084946016521
1701075084946078866 1701075084991814979
1701075084991850784 1701075085037219231
1701075085037278967 1701075085063892089
1701075085063937137 1701075085091792977
1701075085091843314 1701075085118100043
1701075085118167367 1701075085143686777
1701075085143744408 1701075085169730681
1701075085169794194 1701075085196214622
1701075085196263988 1701075085250403258
1701075085250468565 1701075085277466563
1701075085277513378 1701075085329644881
1701075085329693814 1701075085356763721
1701075085356774772 1701075085382656880
1701075085382747885 1701075085409691719
1701075085409702978 1701075085435809938
1701075085435855568 1701075085462242731
1701075085462285678 1701075085489402897
1701075085489466506 1701075085515822678
1701075085515835680 1701075085542023739
1701075085542067654 1701075085598863190
1701075085598875613 1701075085649896006
1701075085649980157 1701075085676266301
1701075085676290705 1701075085701137006
1701075085701149162 1701075085753358659
1701075085753402919 1701075085780839029
1701075085780852646 1701075085806864036
1701075085806939729 1701075085833878535
1701075085833902682 1701075085860776204
1701075085860819489 1701075085917342750
1701075085917419351 1701075085942945718
1701075085943000152 1701075086016938628
1701075086016988541 1701075086043822596
1701075086043867331 1701075086070039597
1701075086070081430 1701075086122592630
1701075086122653026 1701075086148464053
1701075086148505517 1701075086174972772
1701075086175018134 1701075086201311305
1701075086201332289 1701075086228443295
1701075086228507150 1701075086255729016
